 $NMID
 ID='Simulated Data', FMTDAT='(2E15.6)'
 VOLUME=1
 TRAMP=1
 $END
   4.972227E+01  -1.975752E-02
   3.246995E+01   3.181603E+01
   1.823674E+00   3.539125E+01
  -1.230669E+01   1.904396E+01
  -9.099596E+00   8.887820E+00
  -8.531813E+00   1.010789E+01
  -1.609824E+01   7.193218E+00
  -1.830775E+01  -5.161559E+00
  -8.937994E+00  -1.442335E+01
   1.765474E+00  -1.279674E+01
   5.701396E+00  -7.303594E+00
   6.990080E+00  -4.186120E+00
   9.218584E+00   1.456285E-01
   7.329194E+00   7.583974E+00
  -1.452450E+00   1.110808E+01
  -9.708256E+00   5.526664E+00
  -9.692305E+00  -3.738452E+00
  -3.501039E+00  -8.360983E+00
   2.012849E+00  -7.228732E+00
   4.361954E+00  -4.417363E+00
   5.115542E+00  -2.322117E+00
   5.659847E+00  -7.720674E-01
   6.647687E+00   1.132781E+00
   7.397667E+00   4.992201E+00
   4.419820E+00   1.073785E+01
  -4.279262E+00   1.318320E+01
  -1.297192E+01   6.942992E+00
  -1.306087E+01  -4.108404E+00
  -5.109113E+00  -9.714752E+00
   1.464231E+00  -7.081662E+00
   2.074875E+00  -3.563642E+00
   1.920978E+00  -3.736815E+00
   4.836140E+00  -3.246457E+00
   6.507712E+00   1.174770E+00
   3.379025E+00   5.057745E+00
  -4.469770E-01   4.615196E+00
  -1.280202E+00   3.379090E+00
  -2.772096E+00   4.227891E+00
  -7.444453E+00   2.461731E+00
  -8.817616E+00  -5.236834E+00
  -1.226911E+00  -1.143166E+01
   8.395660E+00  -7.414768E+00
   9.009152E+00   2.325747E+00
   1.952046E+00   5.896032E+00
  -1.774138E+00   1.705061E+00
   1.275662E+00  -7.733675E-01
   3.364133E+00   2.878506E+00
  -5.915656E-01   6.264825E+00
  -5.777494E+00   3.854430E+00
  -6.488557E+00  -1.343820E+00
  -3.821719E+00  -4.538599E+00
  -8.818321E-01  -5.671714E+00
   2.545698E+00  -5.738076E+00
   6.316848E+00  -3.079620E+00
   6.855080E+00   2.373516E+00
   2.580602E+00   6.046302E+00
  -2.039050E+00   4.582643E+00
  -2.523390E+00   1.229264E+00
  -8.871685E-01   7.921703E-01
  -1.656411E+00   2.235243E+00
  -4.400132E+00   1.136317E+00
  -4.859885E+00  -2.830770E+00
  -1.610773E+00  -5.710846E+00
   2.564279E+00  -5.090103E+00
   4.865938E+00  -2.059275E+00
   4.648155E+00   1.458289E+00
   2.239421E+00   3.968349E+00
  -1.280561E+00   3.975627E+00
  -3.487831E+00   1.252787E+00
  -2.554799E+00  -1.838447E+00
   1.431728E-01  -2.520029E+00
   1.536071E+00  -9.886887E-01
   9.460848E-01   1.203873E-01
   5.770830E-01  -3.692004E-01
   1.850472E+00  -6.545051E-01
   3.275819E+00   1.202333E+00
   2.398884E+00   4.473119E+00
  -1.464641E+00   6.424138E+00
  -6.460376E+00   4.708926E+00
  -9.139475E+00  -7.912502E-01
  -6.826694E+00  -7.149766E+00
  -4.618859E-01  -9.950931E+00
   5.524844E+00  -7.418728E+00
   7.575757E+00  -2.431509E+00
   6.517713E+00   1.159688E+00
   5.252768E+00   3.065298E+00
   4.101914E+00   5.325003E+00
   9.795972E-01   7.739780E+00
  -4.159901E+00   7.501302E+00
  -8.068442E+00   3.448320E+00
  -8.205197E+00  -1.973890E+00
  -5.425922E+00  -5.880241E+00
  -1.542827E+00  -7.748130E+00
   3.090868E+00  -7.690196E+00
   7.619966E+00  -4.514747E+00
   8.903812E+00   1.726011E+00
   4.916939E+00   7.081897E+00
  -1.268055E+00   7.253242E+00
  -4.268720E+00   3.317060E+00
  -3.149627E+00   4.959467E-01
  -2.269532E+00   9.037470E-01
  -4.433740E+00   7.910577E-01
  -6.175596E+00  -3.436500E+00
  -2.408425E+00  -8.948982E+00
   5.797574E+00  -9.152804E+00
   1.134099E+01  -2.120575E+00
   9.252355E+00   6.498463E+00
   2.134875E+00   9.962304E+00
  -3.705828E+00   7.596602E+00
  -5.534776E+00   3.765097E+00
  -5.545078E+00   1.455157E+00
  -6.014722E+00  -3.998937E-01
  -5.952042E+00  -3.471954E+00
  -3.433230E+00  -6.627745E+00
   8.422277E-01  -7.402632E+00
   4.312033E+00  -5.454117E+00
   5.890948E+00  -2.563762E+00
   6.357291E+00   3.200831E-01
   5.669549E+00   3.705877E+00
   2.452425E+00   6.814729E+00
  -2.863119E+00   6.786516E+00
  -6.543066E+00   2.411937E+00
  -5.328579E+00  -2.993659E+00
  -8.296705E-01  -4.786365E+00
   2.134771E+00  -2.564418E+00
   1.603664E+00  -3.349071E-01
   5.847955E-01  -8.178901E-01
   2.188796E+00  -1.798143E+00
   4.787683E+00   3.330607E-01
   4.126498E+00   4.932918E+00
  -7.154732E-01   7.422637E+00
  -5.842672E+00   5.025757E+00
  -7.223395E+00  -4.793602E-02
  -4.953230E+00  -3.744575E+00
  -1.989106E+00  -4.690023E+00
  -9.371958E-02  -4.407227E+00
   1.401876E+00  -4.209467E+00
   3.370550E+00  -3.575742E+00
   5.171266E+00  -1.574373E+00
   5.549833E+00   1.481861E+00
   4.083478E+00   4.391148E+00
   1.151621E+00   6.167726E+00
  -2.603097E+00   6.113705E+00
  -6.000374E+00   3.652052E+00
  -7.208788E+00  -7.938173E-01
  -5.085273E+00  -5.091239E+00
  -7.342475E-01  -6.723236E+00
   3.087167E+00  -5.133313E+00
   4.531505E+00  -2.166721E+00
   4.166332E+00   9.461058E-02
   3.571353E+00   1.421735E+00
   3.030990E+00   2.886601E+00
   1.436621E+00   4.654595E+00
  -1.682573E+00   5.268865E+00
  -4.908936E+00   3.372246E+00
  -6.071113E+00  -4.810284E-01
  -4.284369E+00  -4.107433E+00
  -6.787790E-01  -5.499578E+00
   2.613242E+00  -4.227951E+00
   4.010890E+00  -1.470268E+00
   3.359196E+00   1.011488E+00
   1.732987E+00   2.114380E+00
   4.270712E-01   2.023516E+00
  -1.645171E-01   1.733238E+00
  -7.470895E-01   1.789475E+00
  -1.972206E+00   1.531144E+00
  -3.154795E+00  -5.936158E-02
  -2.683324E+00  -2.656288E+00
   1.134113E-02  -4.283385E+00
   3.301929E+00  -3.202229E+00
   4.667690E+00   8.740138E-02
   3.133933E+00   3.156001E+00
   1.418610E-01   3.945443E+00
  -2.010122E+00   2.526978E+00
  -2.312301E+00   6.075086E-01
  -1.545513E+00  -3.753535E-01
  -9.902016E-01  -4.314634E-01
  -1.036239E+00  -4.894328E-01
  -1.044411E+00  -1.109507E+00
  -2.752742E-01  -1.852847E+00
   1.156376E+00  -1.753122E+00
   2.178521E+00  -3.730121E-01
   1.693269E+00   1.500803E+00
  -2.276340E-01   2.333647E+00
  -2.150662E+00   1.263474E+00
  -2.500784E+00  -9.577257E-01
  -1.025258E+00  -2.610686E+00
   1.054638E+00  -2.600059E+00
   2.322843E+00  -1.293941E+00
   2.411159E+00   1.619915E-01
   1.920807E+00   1.098183E+00
   1.403186E+00   1.700497E+00
   7.660002E-01   2.325039E+00
  -3.543118E-01   2.825000E+00
  -1.950048E+00   2.642423E+00
  -3.435123E+00   1.341094E+00
  -3.889273E+00  -9.338183E-01
  -2.620221E+00  -3.228860E+00
   7.251649E-02  -4.097370E+00
   2.614519E+00  -2.720956E+00
   3.193128E+00  -8.887467E-03
   1.555614E+00   1.857967E+00
  -4.871199E-01   1.522579E+00
  -9.183318E-01  -3.530925E-02
   1.728415E-01  -6.509343E-01
   7.866360E-01   3.149246E-01
  -2.831177E-01   1.147263E+00
  -1.698310E+00   1.130718E-01
  -1.240324E+00  -2.033467E+00
   1.214053E+00  -2.802199E+00
   3.375275E+00  -1.042500E+00
   3.266110E+00   1.715619E+00
   1.336430E+00   3.242610E+00
  -5.793843E-01   3.058562E+00
  -1.615311E+00   2.266157E+00
  -2.304804E+00   1.577976E+00
  -3.038086E+00   5.847962E-01
  -3.233199E+00  -1.027965E+00
  -2.340731E+00  -2.600703E+00
  -7.765310E-01  -3.345684E+00
   7.657926E-01  -3.312547E+00
   2.261278E+00  -2.803157E+00
   3.756228E+00  -1.434623E+00
   4.283436E+00   1.151533E+00
   2.608369E+00   3.812312E+00
  -7.263610E-01   4.384780E+00
  -3.199287E+00   2.210426E+00
  -2.939699E+00  -6.588316E-01
  -9.674778E-01  -1.668094E+00
   1.369909E-01  -7.637827E-01
  -4.438316E-01  -1.627639E-01
  -9.045234E-01  -1.147916E+00
   4.352718E-01  -2.275070E+00
   2.610048E+00  -1.412866E+00
   3.144314E+00   1.265177E+00
   1.176813E+00   3.368969E+00
  -1.594397E+00   3.128485E+00
  -3.052246E+00   1.147430E+00
  -2.796303E+00  -8.172023E-01
  -1.805654E+00  -1.909045E+00
  -7.831685E-01  -2.432876E+00
   3.660018E-01  -2.676810E+00
   1.712681E+00  -2.377203E+00
   2.831101E+00  -1.329120E+00
   3.294370E+00   1.948701E-01
   3.024290E+00   1.837971E+00
   1.933328E+00   3.392216E+00
  -1.679517E-01   4.339429E+00
  -2.846993E+00   3.750009E+00
  -4.678822E+00   1.293296E+00
  -4.317667E+00  -1.847716E+00
  -1.990324E+00  -3.727880E+00
   5.674144E-01  -3.473253E+00
   1.849530E+00  -1.996631E+00
   1.907634E+00  -7.422750E-01
   1.741050E+00  -1.118360E-01
   1.776562E+00   5.250139E-01
   1.461343E+00   1.546055E+00
   2.586787E-01   2.368077E+00
  -1.448583E+00   2.111206E+00
  -2.601284E+00   6.156177E-01
  -2.382764E+00  -1.338270E+00
  -8.504718E-01  -2.605865E+00
   1.096465E+00  -2.444832E+00
   2.292315E+00  -1.028829E+00
   2.128266E+00   6.225704E-01
   1.055535E+00   1.444367E+00
   1.442635E-01   1.287328E+00
  -7.755531E-02   9.670950E-01
  -1.953554E-01   1.149632E+00
  -9.992645E-01   1.363288E+00
  -2.141899E+00   5.632710E-01
  -2.265907E+00  -1.284611E+00
  -6.769141E-01  -2.737300E+00
   1.567590E+00  -2.377170E+00
   2.667528E+00  -4.582176E-01
   1.973564E+00   1.398098E+00
   4.495477E-01   1.978251E+00
  -6.457583E-01   1.474087E+00
  -9.949323E-01   7.624933E-01
  -1.009850E+00   2.795737E-01
  -9.606294E-01  -8.539342E-02
  -8.070349E-01  -4.079279E-01
  -5.976150E-01  -6.083933E-01
  -4.429441E-01  -7.914400E-01
  -1.364338E-01  -1.116221E+00
   6.249234E-01  -1.257686E+00
   1.495977E+00  -6.002572E-01
   1.515918E+00   7.373223E-01
   3.124095E-01   1.590076E+00
  -1.082665E+00   9.978115E-01
  -1.234419E+00  -4.633336E-01
  -7.001023E-02  -1.200599E+00
   9.747250E-01  -5.159942E-01
   7.641403E-01   5.633200E-01
  -1.516268E-01   6.896476E-01
  -4.155768E-01  -4.268275E-02
   2.553596E-01  -3.583111E-01
   7.492634E-01   3.608131E-01
   1.288306E-01   1.232944E+00
  -1.106076E+00   1.070978E+00
  -1.672595E+00  -1.225610E-01
  -1.052095E+00  -1.250013E+00
   7.177907E-02  -1.438569E+00
   7.683590E-01  -8.402919E-01
   7.793156E-01  -1.722260E-01
   4.546690E-01   1.122828E-01
   2.090193E-01   3.785516E-02
   2.506801E-01  -1.502670E-01
   5.550806E-01  -1.509427E-01
   8.169452E-01   2.595279E-01
   5.843006E-01   9.108596E-01
  -2.383865E-01   1.177845E+00
  -1.045619E+00   5.927182E-01
  -1.017613E+00  -4.723134E-01
  -7.762120E-02  -1.030017E+00
   8.833779E-01  -5.188580E-01
   9.355769E-01   5.458491E-01
   1.075978E-01   1.132575E+00
  -7.465856E-01   8.115035E-01
  -9.561459E-01   8.822084E-02
  -6.509381E-01  -3.418377E-01
  -3.832524E-01  -3.647873E-01
  -3.975718E-01  -3.698578E-01
  -4.267788E-01  -6.509424E-01
  -9.170043E-02  -1.065114E+00
   6.548927E-01  -1.178511E+00
   1.438008E+00  -6.539021E-01
   1.700948E+00   4.142594E-01
   1.116250E+00   1.459608E+00
  -6.424943E-02   1.810796E+00
  -1.094360E+00   1.255910E+00
  -1.363357E+00   2.872380E-01
  -9.855359E-01  -3.506569E-01
  -6.099229E-01  -4.433949E-01
  -5.958815E-01  -4.791642E-01
  -5.682855E-01  -9.044884E-01
   3.922400E-02  -1.411959E+00
   1.114941E+00  -1.247287E+00
   1.812589E+00  -1.668541E-01
   1.435395E+00   1.160949E+00
   1.937118E-01   1.774503E+00
  -1.028333E+00   1.313398E+00
  -1.512736E+00   2.325186E-01
  -1.187185E+00  -7.458342E-01
  -4.343503E-01  -1.211002E+00
   3.181447E-01  -1.151786E+00
   8.184869E-01  -7.583394E-01
   1.024874E+00  -2.659273E-01
   1.045905E+00   1.831443E-01
   9.689028E-01   6.407242E-01
   6.763160E-01   1.193710E+00
  -5.976868E-02   1.642932E+00
  -1.165563E+00   1.506622E+00
  -2.037919E+00   5.137872E-01
  -1.972988E+00  -9.273728E-01
  -9.022791E-01  -1.922327E+00
   4.502814E-01  -1.882555E+00
   1.251247E+00  -1.069221E+00
   1.311254E+00  -2.305397E-01
   1.074896E+00   2.200906E-01
   9.559771E-01   4.915162E-01
   8.499576E-01   9.366371E-01
   3.493966E-01   1.491692E+00
  -6.554007E-01   1.658287E+00
  -1.689703E+00   1.002458E+00
  -2.025028E+00  -3.251091E-01
  -1.309368E+00  -1.569231E+00
   6.718043E-02  -1.935581E+00
   1.219151E+00  -1.251025E+00
   1.478863E+00  -1.061726E-01
   9.488370E-01   6.778520E-01
   3.049943E-01   7.886026E-01
   2.579447E-02   6.122578E-01
  -6.750133E-02   6.287545E-01
  -4.135112E-01   7.495503E-01
  -9.937214E-01   4.796225E-01
  -1.253255E+00  -3.242661E-01
  -7.756360E-01  -1.148024E+00
   1.726289E-01  -1.359486E+00
   9.235713E-01  -8.683194E-01
   1.102493E+00  -1.219915E-01
   8.477643E-01   4.364644E-01
   4.406968E-01   7.044757E-01
   1.513476E-02   7.421685E-01
  -3.327045E-01   5.616930E-01
  -4.591951E-01   2.543959E-01
  -3.858659E-01   6.159252E-02
  -3.809124E-01   4.921325E-02
  -5.695998E-01  -9.283977E-02
  -5.945241E-01  -6.004981E-01
  -1.453678E-02  -1.091775E+00
   9.298013E-01  -8.650765E-01
   1.339538E+00   1.537685E-01
   7.030174E-01   1.089268E+00
  -3.537121E-01   1.054084E+00
  -7.548640E-01   2.554748E-01
  -3.042352E-01  -2.573828E-01
   1.277178E-01   3.233889E-02
  -1.732593E-01   4.730625E-01
  -8.051681E-01   2.139911E-01
  -8.380548E-01  -6.070347E-01
  -8.725799E-02  -1.072679E+00
   6.731197E-01  -7.009303E-01
   7.519126E-01   1.645559E-02
   3.295423E-01   3.569483E-01
   9.286142E-03   2.428983E-01
  -2.909947E-02   9.049368E-02
  -4.366360E-02   6.804126E-02
  -1.186773E-01  -2.809865E-02
  -2.864657E-02  -2.273318E-01
   2.607193E-01  -2.262004E-01
   3.973362E-01   7.898258E-02
   1.700837E-01   3.154445E-01
  -8.179649E-02   1.695779E-01
   6.563970E-02  -6.958120E-02
   4.063807E-01   1.242472E-01
   2.922146E-01   6.803061E-01
  -4.177696E-01   8.779616E-01
  -1.019403E+00   2.933658E-01
  -8.262396E-01  -5.418917E-01
  -7.915211E-02  -7.703970E-01
   3.674264E-01  -3.014829E-01
   1.455884E-01   1.415664E-01
  -2.380366E-01   2.715241E-02
  -1.784241E-01  -3.511082E-01
   2.253894E-01  -3.918567E-01
   4.026006E-01  -2.662894E-02
   1.381936E-01   2.531874E-01
  -1.846167E-01   1.073672E-01
  -1.551167E-01  -2.369506E-01
   1.689996E-01  -3.565953E-01
   4.455597E-01  -1.539839E-01
   4.865067E-01   1.649393E-01
   3.333317E-01   4.281505E-01
   5.424546E-02   5.782240E-01
  -2.973476E-01   5.367915E-01
  -5.608408E-01   2.484723E-01
  -5.401019E-01  -1.378149E-01
  -2.742642E-01  -3.372287E-01
  -6.270176E-02  -2.664604E-01
  -8.713491E-02  -1.790615E-01
  -1.363926E-01  -3.222796E-01
   1.087487E-01  -5.386039E-01
   5.753397E-01  -4.168702E-01
   7.951615E-01   1.408075E-01
   4.527399E-01   7.064519E-01
  -2.138587E-01   7.808225E-01
  -6.597713E-01   3.318226E-01
  -5.988791E-01  -2.228231E-01
  -2.171943E-01  -4.832191E-01
   1.260420E-01  -4.042146E-01
   2.643608E-01  -2.001604E-01
   2.669685E-01  -4.928023E-02
   2.517552E-01   3.774492E-02
   2.535934E-01   1.325014E-01
   2.222723E-01   2.785101E-01
   7.282452E-02   4.442117E-01
  -2.301624E-01   5.069001E-01
  -5.747760E-01   3.172123E-01
  -7.185233E-01  -1.261732E-01
  -4.912758E-01  -5.809056E-01
  -4.574990E-03  -7.364700E-01
   4.083565E-01  -5.164701E-01
   5.141694E-01  -1.546053E-01
   4.008976E-01   6.831927E-02
   3.185749E-01   1.272338E-01
   3.374925E-01   2.248324E-01
   2.667182E-01   4.662617E-01
  -6.614132E-02   6.639507E-01
  -5.379484E-01   5.372348E-01
  -8.035946E-01   5.694831E-02
  -6.364492E-01  -4.815662E-01
  -1.545895E-01  -7.253728E-01
   2.990861E-01  -5.722876E-01
   4.728342E-01  -2.210352E-01
   3.878163E-01   5.230729E-02
   2.405324E-01   1.426964E-01
   1.752619E-01   1.495406E-01
   1.625633E-01   2.079745E-01
   7.516629E-02   3.243544E-01
  -1.406346E-01   3.723623E-01
  -3.794837E-01   2.318337E-01
  -4.625239E-01  -7.202259E-02
  -2.999179E-01  -3.659447E-01
   2.823585E-02  -4.629104E-01
   3.278383E-01  -3.024143E-01
   4.222914E-01   1.183507E-02
   2.711317E-01   2.818104E-01
   9.836913E-04   3.495537E-01
  -1.919597E-01   2.199125E-01
  -2.133435E-01   5.391194E-02
  -1.570603E-01  -2.913454E-03
  -1.842881E-01   6.905105E-03
  -2.942074E-01  -9.770947E-02
  -2.719008E-01  -3.762727E-01
   5.478894E-02  -6.049290E-01
   5.292266E-01  -4.765614E-01
   7.551315E-01   1.645665E-02
   5.226491E-01   5.041529E-01
   5.743623E-02   6.230572E-01
  -2.415366E-01   4.073701E-01
  -2.562360E-01   1.907997E-01
  -2.203127E-01   1.597709E-01
  -3.389557E-01   1.516781E-01
  -4.895015E-01  -5.798103E-02
  -4.034417E-01  -4.002518E-01
  -5.220905E-02  -5.789493E-01
   3.042494E-01  -4.439821E-01
   4.386934E-01  -1.460076E-01
   3.738996E-01   9.734146E-02
   2.422283E-01   2.363116E-01
   7.931200E-02   3.137361E-01
  -1.267641E-01   2.928768E-01
  -2.785989E-01   1.166124E-01
  -2.368113E-01  -1.137596E-01
  -4.594798E-02  -1.946825E-01
   7.114466E-02  -9.321032E-02
   1.650820E-02  -1.552785E-02
  -2.447050E-02  -1.047473E-01
   1.390855E-01  -1.908530E-01
   3.631375E-01  -1.188823E-02
   3.027735E-01   3.620680E-01
  -1.070733E-01   5.330404E-01
  -4.959382E-01   2.662482E-01
  -4.868623E-01  -1.873111E-01
  -1.537443E-01  -3.921805E-01
   1.043125E-01  -2.551672E-01
   8.511051E-02  -7.903855E-02
  -1.027840E-02  -1.106804E-01
   7.563405E-02  -2.294296E-01
   2.868324E-01  -1.727780E-01
   3.621057E-01   7.454922E-02
   2.078955E-01   2.783796E-01
  -7.216778E-03   2.835205E-01
  -1.111031E-01   1.740125E-01
  -1.190508E-01   9.082367E-02
  -1.194179E-01   4.398064E-02
  -1.067730E-01  -1.439323E-02
  -4.021529E-02  -4.491414E-02
   1.391737E-02   1.783592E-02
  -5.443300E-02   1.036671E-01
  -2.003220E-01   5.438548E-02
  -2.297984E-01  -1.401043E-01
  -5.812162E-02  -2.794868E-01
   1.467318E-01  -2.033703E-01
   1.712555E-01  -1.485662E-02
   3.971293E-02   5.352030E-02
  -2.715182E-02  -4.680126E-02
   7.899334E-02  -1.256475E-01
   2.104206E-01  -2.691238E-02
   1.744194E-01   1.577655E-01
  -7.296501E-03   2.191878E-01
  -1.396302E-01   1.045528E-01
  -1.100784E-01  -3.679063E-02
  -3.784094E-03  -6.250611E-02
   3.991080E-02   4.693218E-03
  -2.906675E-03   5.109296E-02
  -5.382408E-02   2.634969E-02
  -5.282833E-02  -2.759533E-02
  -8.015905E-03  -5.535919E-02
   4.358658E-02  -3.659605E-02
   6.554080E-02   2.339875E-02
   2.383654E-02   9.272884E-02
  -8.051365E-02   1.041559E-01
  -1.705007E-01   6.876690E-03
  -1.406328E-01  -1.489043E-01
   1.928231E-02  -2.258556E-01
   1.825011E-01  -1.406102E-01
   2.108756E-01   3.257679E-02
   1.060782E-01   1.414102E-01
  -6.236829E-03   1.260369E-01
  -3.478058E-02   6.513565E-02
  -1.530947E-02   5.318857E-02
  -3.372474E-02   8.335196E-02
  -1.041465E-01   7.802874E-02
  -1.595903E-01  -9.642244E-05
  -1.398817E-01  -1.075441E-01
  -4.966242E-02  -1.762558E-01
   6.302408E-02  -1.721343E-01
   1.478394E-01  -1.007212E-01
   1.685970E-01   5.365332E-03
   1.178612E-01   9.260526E-02
   3.582262E-02   1.154898E-01
  -1.383662E-02   8.478612E-02
  -1.488775E-02   6.374095E-02
  -2.509780E-02   8.663583E-02
  -9.724639E-02   9.874093E-02
  -1.851844E-01   1.886663E-02
  -1.751356E-01  -1.373977E-01
  -2.586345E-02  -2.415144E-01
   1.583248E-01  -1.866059E-01
   2.277625E-01  -1.389123E-02
   1.463054E-01   1.292855E-01
   1.719740E-02   1.490818E-01
  -4.619048E-02   8.862540E-02
  -3.873082E-02   4.878777E-02
  -3.835847E-02   6.146357E-02
  -9.182490E-02   6.702993E-02
  -1.563460E-01   1.844717E-03
  -1.505298E-01  -1.203589E-01
  -4.201930E-02  -2.167077E-01
   1.181690E-01  -2.087427E-01
   2.342213E-01  -8.660903E-02
   2.356635E-01   8.292123E-02
   1.263613E-01   2.038336E-01
  -2.120393E-02   2.189481E-01
  -1.240740E-01   1.470393E-01
  -1.524723E-01   5.542945E-02
  -1.391041E-01  -7.089000E-03
  -1.264559E-01  -4.775630E-02
  -1.139232E-01  -9.965541E-02
  -6.535046E-02  -1.642676E-01
   3.636842E-02  -1.969283E-01
   1.539277E-01  -1.508115E-01
   2.181387E-01  -2.890860E-02
   1.838600E-01   1.082810E-01
   6.856128E-02   1.836176E-01
  -5.619167E-02   1.592013E-01
  -1.155811E-01   6.649595E-02
  -9.048017E-02  -1.703593E-02
  -3.324996E-02  -3.576112E-02
  -1.343367E-02  -8.826408E-03
  -3.939490E-02  -4.533930E-03
  -4.783968E-02  -5.238467E-02
   1.288200E-02  -9.601821E-02
   1.023425E-01  -5.780225E-02
   1.214510E-01   5.463149E-02
   3.139900E-02   1.392180E-01
  -9.037240E-02   1.119651E-01
  -1.346391E-01   3.902731E-03
  -8.163101E-02  -8.031801E-02
  -7.693711E-03  -8.549447E-02
   2.022383E-02  -5.253883E-02
   1.677131E-02  -4.239569E-02
   3.271732E-02  -5.365732E-02
   7.340844E-02  -4.089874E-02
   9.630967E-02   1.057683E-02
   7.474534E-02   6.617071E-02
   2.679633E-02   9.271521E-02
  -2.090526E-02   9.116722E-02
  -6.305907E-02   7.106406E-02
  -9.447935E-02   2.733715E-02
  -9.059762E-02  -3.430735E-02
  -4.078588E-02  -7.449227E-02
   1.520173E-02  -5.894947E-02
   2.299087E-02  -1.357053E-02
  -1.223395E-02  -3.161017E-03
  -2.353365E-02  -4.495057E-02
   2.869427E-02  -7.637779E-02
   9.429751E-02  -3.475536E-02
   9.133070E-02   5.296864E-02
   1.334326E-02   9.652303E-02
  -5.838230E-02   5.422722E-02
  -5.509746E-02  -1.766101E-02
  -6.973547E-05  -3.947862E-02
   3.166557E-02  -3.177651E-03
   9.435257E-03   3.176398E-02
  -2.709446E-02   2.162458E-02
  -3.015970E-02  -1.406216E-02
  -8.666003E-04  -3.002175E-02
   2.435762E-02  -1.243641E-02
   2.175977E-02   1.566037E-02
  -1.657660E-03   2.836936E-02
  -2.562487E-02   1.818290E-02
  -3.398531E-02  -7.303343E-03
  -1.965388E-02  -3.176082E-02
   9.741776E-03  -3.600111E-02
   3.016891E-02  -1.412215E-02
   2.128319E-02   1.319076E-02
  -6.239229E-03   1.522995E-02
  -1.670075E-02  -1.149576E-02
   8.440892E-03  -3.332833E-02
   4.428146E-02  -1.782879E-02
   4.999511E-02   2.514402E-02
   1.722359E-02   5.424822E-02
  -2.199421E-02   4.531766E-02
  -3.470023E-02   1.505067E-02
  -2.116209E-02  -4.455334E-03
  -6.023112E-03  -1.203478E-03
  -7.646484E-03   1.144051E-02
  -2.409507E-02   1.398726E-02
  -4.019444E-02  -2.795032E-03
  -3.844750E-02  -3.317751E-02
  -9.952569E-03  -5.753043E-02
   3.302425E-02  -5.259131E-02
   5.884895E-02  -1.447142E-02
   4.526048E-02   2.836805E-02
   7.985231E-03   4.007954E-02
  -1.338260E-02   1.981578E-02
  -3.982688E-03   3.912126E-03
   6.399124E-03   1.676894E-02
  -1.470072E-02   3.480978E-02
  -5.214505E-02   1.724320E-02
  -5.729407E-02  -3.444690E-02
  -1.228112E-02  -7.075582E-02
   4.289505E-02  -5.397926E-02
   5.857090E-02  -4.460092E-03
   3.326371E-02   2.816418E-02
   5.614562E-03   2.624972E-02
  -5.734574E-04   1.459494E-02
   7.954573E-04   1.540258E-02
  -9.179383E-03   1.947559E-02
  -2.332395E-02   9.502946E-03
  -2.354997E-02  -9.807049E-03
  -1.044138E-02  -2.126450E-02
   2.026504E-03  -2.236927E-02
   1.282221E-02  -2.272501E-02
   3.175915E-02  -1.834533E-02
   5.057884E-02   7.717248E-03
   4.057842E-02   5.128839E-02
  -7.814528E-03   7.517336E-02
  -6.004585E-02   5.026735E-02
  -7.214150E-02  -3.305949E-03
  -4.377648E-02  -3.780999E-02
  -1.554050E-02  -3.677798E-02
  -1.220107E-02  -3.004467E-02
  -1.130786E-02  -4.496518E-02
   1.890359E-02  -6.355285E-02
   6.724984E-02  -4.619471E-02
   8.758593E-02   1.111438E-02
   5.580694E-02   6.545029E-02
  -1.404720E-03   7.604849E-02
  -3.994994E-02   4.679974E-02
  -4.466485E-02   1.152413E-02
  -3.247072E-02  -7.849832E-03
  -2.154927E-02  -1.469533E-02
  -1.382293E-02  -1.880963E-02
  -5.121089E-03  -2.161172E-02
   3.863594E-03  -2.116795E-02
   1.211500E-02  -1.863309E-02
   2.210750E-02  -1.299879E-02
   3.096978E-02   1.816826E-03
   2.626956E-02   2.510646E-02
   1.357970E-03   4.022918E-02
  -2.899509E-02   2.978743E-02
  -3.985184E-02  -6.041666E-04
  -2.429992E-02  -2.521942E-02
  -1.200694E-03  -2.745019E-02
   8.985773E-03  -1.674448E-02
   8.025974E-03  -1.188251E-02
   1.231995E-02  -1.510207E-02
   2.678506E-02  -1.130265E-02
   3.673412E-02   9.066275E-03
   2.656387E-02   3.521426E-02
  -1.552462E-03   4.731036E-02
  -3.068496E-02   3.661720E-02
  -4.507779E-02   1.047497E-02
  -3.978868E-02  -1.694753E-02
  -2.012601E-02  -3.340560E-02
   2.362203E-03  -3.323477E-02
   1.578828E-02  -2.090087E-02
   1.661923E-02  -8.686816E-03
   1.343500E-02  -5.022874E-03
   1.691346E-02  -4.730413E-03
   2.462538E-02   4.391532E-03
   2.162898E-02   2.353141E-02
   1.678710E-04   3.651751E-02
  -2.629264E-02   2.715412E-02
  -3.555981E-02   4.155117E-04
  -2.172309E-02  -2.117075E-02
  -9.959633E-04  -2.277512E-02
   8.363418E-03  -1.173089E-02
   5.698102E-03  -4.533213E-03
   3.722378E-03  -6.096469E-03
   9.346435E-03  -7.253775E-03
   1.564122E-02   2.010097E-04
   1.273423E-02   1.232285E-02
   5.130975E-04   1.838486E-02
  -1.221627E-02   1.324258E-02
  -1.728585E-02   1.035498E-03
  -1.274203E-02  -1.062845E-02
  -1.818591E-03  -1.594792E-02
   9.481265E-03  -1.235540E-02
   1.460889E-02  -1.948232E-03
   1.052306E-02   8.144892E-03
   1.308806E-03   1.076033E-02
  -4.541582E-03   5.783009E-03
  -2.830375E-03   6.001242E-04
   1.332906E-03   1.907271E-03
  -4.638006E-04   7.515735E-03
  -9.183274E-03   8.263412E-03
  -1.602676E-02  -9.561965E-04
  -1.193325E-02  -1.385043E-02
   1.773565E-03  -1.852614E-02
   1.361449E-02  -1.022693E-02
   1.334198E-02   3.170375E-03
   2.832666E-03   8.823528E-03
  -5.438000E-03   2.206249E-03
  -1.709849E-03  -7.616056E-03
   9.974312E-03  -7.509669E-03
   1.579488E-02   4.653429E-03
   7.706771E-03   1.693474E-02
  -7.105536E-03   1.687310E-02
  -1.453348E-02   5.725381E-03
  -1.008996E-02  -3.886856E-03
  -3.163943E-03  -3.809770E-03
  -3.650914E-03   3.265682E-04
  -8.877337E-03  -1.922034E-03
  -8.195262E-03  -1.083228E-02
   1.802639E-03  -1.600573E-02
   1.256833E-02  -1.051100E-02
   1.484310E-02   5.541055E-04
   9.314354E-03   7.905768E-03
   2.931630E-03   9.218436E-03
  -1.231679E-03   8.219891E-03
  -4.976301E-03   6.407217E-03
  -7.822734E-03   1.932093E-03
  -6.060525E-03  -3.749944E-03
  -5.189726E-04  -4.952012E-03
   1.535307E-03  -7.182784E-04
  -3.032920E-03   9.481873E-04
  -5.838219E-03  -5.910297E-03
   2.571326E-03  -1.343897E-02
   1.673532E-02  -7.851603E-03
   1.942855E-02   1.048357E-02
   3.576538E-03   2.351669E-02
  -1.620239E-02   1.671359E-02
  -2.033637E-02  -2.258484E-03
  -8.285239E-03  -1.317104E-02
   2.610261E-03  -8.756097E-03
   1.303005E-03  -1.716566E-03
  -3.611114E-03  -4.718290E-03
   1.299920E-03  -1.244575E-02
   1.403179E-02  -1.045945E-02
   1.995311E-02   3.543521E-03
   1.188227E-02   1.669753E-02
  -1.662596E-03   1.840483E-02
  -9.576769E-03   1.197090E-02
  -1.143809E-02   6.040036E-03
  -1.284437E-02   1.839200E-03
  -1.364225E-02  -4.683031E-03
  -8.878083E-03  -1.214242E-02
   4.889483E-04  -1.367051E-02
   6.399403E-03  -8.012814E-03
   5.210718E-03  -2.893005E-03
   3.441707E-03  -3.666135E-03
   7.458097E-03  -4.749742E-03
   1.240786E-02   1.656086E-03
   8.329016E-03   1.201670E-02
  -4.345987E-03   1.427798E-02
  -1.304124E-02   4.362899E-03
  -8.985560E-03  -7.193778E-03
   1.300716E-03  -8.562459E-03
   5.217168E-03  -1.568479E-03
   7.614343E-04   2.271921E-03
  -2.421985E-03  -1.769253E-03
   2.297795E-03  -5.967612E-03
   9.436698E-03  -1.951965E-03
   9.350683E-03   7.767455E-03
   6.702394E-04   1.361383E-02
  -9.225328E-03   1.065878E-02
  -1.365857E-02   2.280103E-03
  -1.201550E-02  -6.009968E-03
  -6.510346E-03  -1.157942E-02
   1.250914E-03  -1.327038E-02
   8.790156E-03  -9.741905E-03
   1.193873E-02  -2.093779E-03
   8.989832E-03   4.650682E-03
   3.819153E-03   6.336066E-03
   1.521162E-03   4.877500E-03
   1.677227E-03   5.324580E-03
  -6.651413E-04   8.102518E-03
  -6.991010E-03   7.868012E-03
  -1.182386E-02   1.257029E-03
  -9.371254E-03  -7.370285E-03
  -1.334147E-03  -1.059611E-02
   4.990001E-03  -6.822550E-03
   5.529144E-03  -1.453800E-03
   3.183618E-03   5.367977E-04
   2.469593E-03   6.615293E-05
   3.516683E-03   8.571513E-04
   3.168625E-03   3.584504E-03
   8.134015E-05   5.458036E-03
  -3.719116E-03   4.356246E-03
  -5.729720E-03   9.637223E-04
  -5.191939E-03  -2.885490E-03
  -2.381517E-03  -5.793443E-03
   2.064621E-03  -6.382136E-03
   6.153475E-03  -3.471708E-03
   6.816645E-03   1.842271E-03
   3.136789E-03   5.667582E-03
  -1.573335E-03   4.975366E-03
  -2.978737E-03   1.463491E-03
  -9.651777E-04  -2.305376E-04
   2.318565E-04   1.533278E-03
  -2.248774E-03   3.176856E-03
  -5.770587E-03   7.054456E-04
  -5.340296E-03  -4.696105E-03
  -4.355736E-05  -7.678801E-03
   5.547846E-03  -5.060224E-03
   6.640172E-03   5.642022E-04
   3.348495E-03   4.110209E-03
  -2.764880E-04   3.610734E-03
  -1.233743E-03   1.415399E-03
  -2.442886E-04   5.584668E-04
   1.904905E-04   1.438069E-03
  -1.014250E-03   2.238871E-03
  -2.768962E-03   1.471561E-03
  -3.426807E-03  -6.157390E-04
  -2.373424E-03  -2.646761E-03
  -2.417220E-04  -3.401128E-03
   1.740300E-03  -2.542278E-03
   2.488260E-03  -7.006918E-04
   1.721356E-03   8.650216E-04
   3.035474E-04   1.097690E-03
  -3.269015E-04   1.306246E-04
   4.625307E-04  -6.373206E-04
   1.642934E-03   9.579250E-05
   1.420697E-03   1.937568E-03
  -7.091686E-04   2.875931E-03
  -2.971538E-03   1.368537E-03
  -2.901208E-03  -1.614334E-03
  -1.935518E-04  -3.160143E-03
   2.489674E-03  -1.535012E-03
   2.248631E-03   1.544078E-03
  -5.909256E-04   2.571388E-03
  -2.593830E-03   3.703235E-04
  -1.258263E-03  -2.290930E-03
   1.767906E-03  -1.954853E-03
   2.546132E-03   1.137824E-03
  -2.109150E-04   3.133740E-03
  -3.348016E-03   1.316436E-03
  -3.105464E-03  -2.431585E-03
   2.550312E-04  -3.962671E-03
   2.972627E-03  -1.951100E-03
   2.567628E-03   8.505579E-04
   5.174075E-04   1.458979E-03
  -2.831607E-04   1.887550E-04
   6.962566E-04  -5.178614E-04
   1.607831E-03   3.789340E-04
   1.191489E-03   1.658773E-03
   8.523172E-05   2.127182E-03
  -8.654252E-04   2.033903E-03
  -1.909532E-03   1.745829E-03
  -3.130202E-03   5.795253E-04
  -3.223655E-03  -1.773655E-03
  -1.114052E-03  -3.646201E-03
   1.767397E-03  -2.976194E-03
   2.615691E-03  -3.696555E-04
   9.414791E-04   1.151312E-03
  -4.955923E-04   8.663546E-05
   5.904595E-04  -1.329605E-03
   2.618983E-03  -1.789564E-04
   2.132926E-03   2.802717E-03
  -1.278368E-03   3.838683E-03
  -4.012471E-03   1.139686E-03
  -2.995245E-03  -2.535021E-03
   4.119372E-04  -3.341502E-03
   2.348253E-03  -1.084789E-03
   1.348640E-03   1.029790E-03
  -3.789236E-04   8.030519E-04
  -4.151820E-04  -5.591116E-04
   8.600771E-04  -7.495521E-04
   1.437386E-03   4.914583E-04
   5.837311E-04   1.590460E-03
  -6.944916E-04   1.565541E-03
  -1.491590E-03   8.389959E-04
  -1.858299E-03  -8.750400E-05
  -1.783152E-03  -1.317401E-03
  -7.003777E-04  -2.564985E-03
   1.322873E-03  -2.693714E-03
   2.874484E-03  -1.128712E-03
   2.669129E-03   9.545481E-04
   1.280353E-03   1.871969E-03
   3.768337E-04   1.588409E-03
   3.496831E-04   1.569489E-03
  -1.717758E-04   2.386115E-03
  -2.055248E-03   2.602684E-03
  -3.922425E-03   7.591408E-04
  -3.612062E-03  -2.280920E-03
  -9.714190E-04  -3.998552E-03
   1.805574E-03  -3.097447E-03
   2.677835E-03  -8.301920E-04
   1.786794E-03   7.081787E-04
   7.195291E-04   8.504653E-04
   4.575580E-04   5.010491E-04
   6.453083E-04   6.019784E-04
   5.020924E-04   1.154365E-03
  -2.503798E-04   1.570571E-03
  -1.324203E-03   1.333138E-03
  -2.121523E-03   2.604462E-04
  -1.949155E-03  -1.305560E-03
  -5.456312E-04  -2.395718E-03
   1.311096E-03  -2.036510E-03
   2.181613E-03  -3.747621E-04
   1.418490E-03   1.163082E-03
   1.859646E-06   1.317828E-03
  -5.636737E-04   4.369851E-04
  -6.563897E-05  -4.429142E-05
   2.728611E-04   4.826758E-04
  -4.516234E-04   1.030720E-03
  -1.542312E-03   4.204992E-04
  -1.601146E-03  -1.083261E-03
  -3.176871E-04  -2.074055E-03
   1.219934E-03  -1.696315E-03
   1.883350E-03  -4.553405E-04
   1.588089E-03   6.466671E-04
   9.229363E-04   1.199365E-03
   2.635859E-04   1.370409E-03
  -3.588314E-04   1.288257E-03
  -8.540896E-04   9.331294E-04
  -1.063392E-03   4.519385E-04
  -1.085141E-03   7.660871E-05
  -1.148890E-03  -2.783732E-04
  -1.106609E-03  -8.891706E-04
  -4.993233E-04  -1.577053E-03
   6.499281E-04  -1.633882E-03
   1.502521E-03  -7.187566E-04
   1.285198E-03   4.621476E-04
   3.332154E-04   8.366167E-04
  -2.209270E-04   2.764946E-04
   1.531796E-04  -2.317219E-04
   7.308375E-04   1.300557E-04
   5.125686E-04   9.552717E-04
  -4.677269E-04   1.166393E-03
  -1.202569E-03   3.931572E-04
  -9.626746E-04  -6.157097E-04
  -8.680822E-05  -9.391154E-04
   5.487032E-04  -4.736757E-04
   5.178942E-04   1.579387E-04
   9.955949E-05   4.100465E-04
  -2.383070E-04   2.649097E-04
  -3.114634E-04   6.742582E-06
