 $SEQPAR
 echot= 30.00
 seq= 'PRESS'
 hzpppm= 6.3684e+01
 $END
 $NMID
 id='L1085157 ', fmtdat='(2E15.6)'
 volume=8.000e+00
 tramp=2.391e+02
 $END
   4.310885e+02   4.412166e+02
   4.739836e+02   7.782658e+02
   1.544204e+02   7.265754e+02
  -1.123658e+01   6.624642e+02
  -2.359452e+02   4.936015e+02
  -2.609867e+02   3.167596e+02
  -2.864822e+02   1.488814e+02
  -1.948387e+02   8.533186e+01
  -1.201965e+02   7.733910e+01
  -5.792515e+01   7.963606e+01
  -2.983474e+01   8.450211e+01
  -4.875120e+00   1.105910e+02
  -2.046647e+01   8.686665e+01
  -4.200407e+01   6.736845e+01
  -6.679900e+01   3.255888e+01
  -5.425166e+01   1.045152e+01
  -5.444300e+01  -1.815477e+01
  -1.289126e+01  -5.577483e+01
   8.330323e+00  -5.477007e+01
   4.754274e+01  -8.541450e+01
   7.829652e+01  -9.261250e+01
   1.339578e+02  -7.357661e+01
   1.505587e+02  -4.055487e+01
   2.004980e+02  -3.048412e+01
   1.792670e+02   5.328244e+01
   1.631276e+02   8.611834e+01
   1.344031e+02   1.191693e+02
   9.508462e+01   1.148380e+02
   6.619841e+01   1.023692e+02
   2.934180e+01   9.364380e+01
   2.737895e+01   4.751134e+01
   4.322750e+01   3.169653e+01
   5.786824e+01  -1.850871e+00
   7.356512e+01   2.345544e+01
   8.223205e+01   2.661411e+01
   9.189546e+01   5.733096e+01
   9.615434e+01   6.582790e+01
   9.175092e+01   7.749019e+01
   8.142360e+01   8.973570e+01
   7.203230e+01   7.644266e+01
   4.133807e+01   7.370918e+01
   3.275299e+01   5.391644e+01
   1.990275e+01   3.663785e+01
   1.875897e+00   3.592748e+01
   1.241320e+01   2.873255e+01
   8.082223e+00   3.078575e+01
   5.523575e+01   2.143551e+01
   3.765025e+01   3.089875e+01
   3.611475e+01   4.237017e+01
   3.083069e+01   5.060299e+01
   1.028112e+01   5.061282e+01
  -8.554558e+00   4.673658e+01
  -3.596852e+01   2.050507e+01
  -2.990228e+01  -1.281346e+01
  -1.959908e+01  -3.902539e+01
  -2.130669e+00  -4.752429e+01
   2.508808e+01  -6.165506e+01
   5.757151e+01  -5.003431e+01
   6.770451e+01  -3.622898e+01
   8.210001e+01  -9.990379e+00
   8.766930e+01   5.413998e+00
   3.388290e+01   1.227472e+01
   4.666431e+01   2.990387e+01
   1.312349e+01   1.753529e+01
  -2.381083e+01   2.471428e+01
  -6.454598e+00   1.599131e+01
  -2.759938e+01  -1.089383e+01
  -1.067859e+01   1.295662e+00
  -2.964339e+01  -1.439682e+01
   2.000993e+01  -3.622655e+01
  -1.508331e+01  -4.426490e+01
  -4.318205e+00  -4.213847e+01
  -2.137227e+00  -5.307598e+01
   1.693470e+00  -3.251870e+01
  -6.269111e+00  -2.471283e+01
   5.814171e+00  -2.272687e+01
  -6.961600e+00  -1.892049e+01
  -1.004704e+01  -3.948143e+01
  -2.042113e+01  -3.757599e+01
  -1.210412e+01  -7.136266e+01
   1.116757e+01  -6.468341e+01
   2.479985e+01  -5.908619e+01
   2.531044e+01  -5.530724e+01
   3.179746e+01  -3.936514e+01
   4.158612e+01  -2.296780e+01
   2.290174e+01   1.424265e+01
   2.977383e+00   1.281903e+01
  -1.208142e+01   1.555922e+01
  -3.449840e+01  -7.994252e+00
  -5.496027e+01  -1.507489e+01
  -2.698395e+01  -3.962390e+01
  -2.618033e+01  -2.244556e+01
   2.483076e+00  -5.618335e+01
   9.011703e+00  -3.704896e+01
   5.290874e+00  -2.044749e+01
  -9.123150e-01  -1.136984e+01
  -2.283896e+01   4.334762e+00
  -4.263174e+01   7.476154e+00
  -6.161645e+01  -1.487854e+01
  -6.843778e+01  -1.779731e+01
  -7.676142e+01  -6.388364e+01
  -9.518249e+01  -6.264825e+01
  -7.770792e+01  -7.606853e+01
  -5.231157e+01  -9.264810e+01
  -3.000363e+01  -1.046139e+02
  -3.572518e-02  -1.011445e+02
   1.740540e+01  -7.186900e+01
   1.947772e+01  -6.198455e+01
   3.206997e+01  -4.320834e+01
   1.907578e+01  -2.928976e+01
   7.735457e-01  -1.234919e+01
  -9.627271e+00  -2.341674e+01
  -3.416922e+01  -2.841898e+01
  -2.954075e+01  -2.623311e+01
  -4.916074e+01  -4.617110e+01
  -2.887394e+01  -3.796752e+01
  -2.986106e+01  -5.001998e+01
  -2.100231e+01  -4.365874e+01
  -2.233175e+01  -3.597713e+01
  -2.610871e+01  -3.420922e+01
  -4.078431e+01  -2.135353e+01
  -4.390019e+01  -1.767783e+01
  -6.204027e+01  -2.654242e+01
  -5.915659e+01  -2.749052e+01
  -6.886569e+01  -4.090801e+01
  -6.685262e+01  -6.208154e+01
  -5.628534e+01  -8.346172e+01
  -4.687576e+01  -9.010979e+01
  -4.191552e+01  -8.116402e+01
  -1.890316e+01  -8.464223e+01
  -1.845609e+01  -7.200757e+01
  -8.962098e+00  -5.979927e+01
  -1.018362e+01  -3.863527e+01
  -2.643984e+01  -3.737864e+01
  -3.742755e+01  -3.530213e+01
  -7.468642e+01  -3.547939e+01
  -6.100695e+01  -4.841933e+01
  -6.747272e+01  -5.117453e+01
  -6.923669e+01  -6.945733e+01
  -6.551048e+01  -6.442357e+01
  -5.655849e+01  -7.830959e+01
  -4.965709e+01  -7.431423e+01
  -3.722635e+01  -8.552526e+01
  -3.853617e+01  -5.610708e+01
  -4.971768e+01  -5.396141e+01
  -6.228896e+01  -5.423631e+01
  -5.384121e+01  -5.619522e+01
  -6.248332e+01  -7.129610e+01
  -5.839626e+01  -7.969636e+01
  -4.016082e+01  -1.001992e+02
  -4.308006e+01  -9.048763e+01
  -1.380278e+01  -8.052835e+01
  -7.913147e+00  -9.092782e+01
  -2.462624e+00  -7.324638e+01
   1.843764e+01  -4.179924e+01
  -4.637400e+00  -2.342763e+01
  -2.446798e+01  -1.700814e+01
  -4.317831e+01   1.701637e+01
  -6.359682e+01   6.667224e+00
  -1.029140e+02  -1.024152e+01
  -1.089011e+02  -1.661425e+01
  -1.151990e+02  -2.865909e+01
  -1.070313e+02  -7.328111e+01
  -1.083965e+02  -8.199038e+01
  -9.971989e+01  -1.105277e+02
  -7.047393e+01  -1.088082e+02
  -6.936310e+01  -1.145107e+02
  -5.911492e+01  -1.133736e+02
  -4.624370e+01  -9.631175e+01
  -3.235114e+01  -8.341680e+01
  -3.640766e+01  -5.461599e+01
  -4.074609e+01  -7.398946e+01
  -3.459661e+01  -5.977058e+01
  -2.970972e+01  -5.135484e+01
  -2.860944e+01  -5.426713e+01
  -2.537984e+01  -4.486440e+01
  -3.358110e+01  -4.448612e+01
  -4.329387e+01  -3.515512e+01
  -3.351083e+01   1.727035e+00
  -5.641853e+01  -2.079465e+01
  -5.727141e+01  -1.310785e+01
  -8.531204e+01  -1.638881e+01
  -1.048203e+02  -1.674696e+01
  -1.023189e+02  -4.686730e+01
  -1.103168e+02  -4.791749e+01
  -1.192468e+02  -6.816589e+01
  -1.197652e+02  -6.897040e+01
  -9.422626e+01  -9.789693e+01
  -8.433408e+01  -9.567813e+01
  -5.819370e+01  -8.909131e+01
  -7.325137e+01  -8.745348e+01
  -6.418135e+01  -6.506623e+01
  -7.276295e+01  -5.648325e+01
  -4.995552e+01  -6.547078e+01
  -6.406986e+01  -5.517324e+01
  -7.106426e+01  -5.768135e+01
  -5.771211e+01  -4.460732e+01
  -6.313629e+01  -6.748666e+01
  -6.984255e+01  -4.898349e+01
  -6.255798e+01  -5.531044e+01
  -5.748241e+01  -4.933785e+01
  -5.541902e+01  -5.749877e+01
  -4.260611e+01  -4.288921e+01
  -6.115773e+01  -3.350783e+01
  -7.552839e+01  -1.268693e+01
  -8.218402e+01  -2.484653e+01
  -8.924872e+01  -3.159595e+01
  -9.666729e+01  -4.050949e+01
  -1.125487e+02  -6.510291e+01
  -8.861262e+01  -7.728956e+01
  -1.048036e+02  -8.133372e+01
  -9.645889e+01  -9.652089e+01
  -6.237405e+01  -9.546457e+01
  -5.487879e+01  -8.166733e+01
  -4.697389e+01  -6.383163e+01
  -6.753326e+01  -3.788947e+01
  -4.224235e+01  -4.134410e+01
  -5.301076e+01  -3.040578e+01
  -8.251939e+01  -4.212688e+01
  -5.708248e+01  -2.698950e+01
  -8.025448e+01  -3.732445e+01
  -8.422422e+01  -3.287614e+01
  -8.167888e+01  -5.639279e+01
  -6.945001e+01  -4.911914e+01
  -8.141399e+01  -5.247312e+01
  -4.989416e+01  -4.327157e+01
  -7.311021e+01  -4.622760e+01
  -7.690253e+01  -3.719152e+01
  -7.538163e+01  -2.640110e+01
  -8.926699e+01  -3.990931e+01
  -9.727145e+01  -4.965757e+01
  -1.061367e+02  -3.371894e+01
  -8.177159e+01  -4.815515e+01
  -8.585863e+01  -4.168571e+01
  -9.089465e+01  -6.401685e+01
  -8.788377e+01  -4.649804e+01
  -8.024768e+01  -2.459837e+01
  -7.439394e+01  -3.680614e+01
  -6.496442e+01  -2.769536e+01
  -8.260410e+01  -4.600781e+01
  -7.456866e+01  -1.943575e+01
  -7.671222e+01  -1.280059e+01
  -8.101924e+01  -1.751369e+01
  -8.717183e+01  -2.357516e+01
  -1.200789e+02  -2.639415e+01
  -1.151418e+02  -4.105492e+01
  -1.104930e+02  -5.510920e+01
  -9.662761e+01  -6.322395e+01
  -8.827773e+01  -5.495347e+01
  -6.831936e+01  -4.759331e+01
  -6.246208e+01  -3.661234e+01
  -4.424748e+01  -5.397416e+01
  -6.644376e+01  -3.866704e+01
  -7.982778e+01  -3.524767e+01
  -8.641239e+01  -2.249250e+01
  -8.590318e+01  -2.281712e+01
  -8.264800e+01  -5.182041e+01
  -7.362028e+01  -4.646478e+01
  -6.427457e+01  -4.731945e+01
  -7.353216e+01  -3.708750e+01
  -5.636294e+01  -4.562462e+01
  -4.956494e+01  -3.619254e+01
  -5.664722e+01  -4.744592e+00
  -5.805936e+01  -1.423704e+00
  -7.342333e+01  -1.817934e+01
  -7.878576e+01   3.048892e+00
  -9.543190e+01  -7.222034e+00
  -8.521860e+01  -1.093983e+01
  -9.801922e+01  -2.289505e+01
  -1.101753e+02  -1.412414e+01
  -8.641473e+01  -3.784972e+01
  -9.684853e+01  -3.266947e+01
  -9.134200e+01  -1.722673e+01
  -8.878144e+01  -2.809219e+01
  -8.239229e+01  -2.029149e+01
  -9.137653e+01  -2.233439e+01
  -9.243196e+01  -2.903447e+01
  -8.250318e+01  -8.709409e+00
  -9.433051e+01  -2.027527e+01
  -8.087331e+01  -1.737844e+01
  -1.003462e+02  -3.024480e+01
  -9.367075e+01  -3.661946e+01
  -8.708511e+01  -5.084446e+01
  -6.679876e+01  -5.602837e+01
  -5.396982e+01  -4.911866e+01
  -5.107537e+01  -2.102375e+01
  -5.461157e+01  -1.387930e+01
  -3.631604e+01  -2.261385e+01
  -5.133451e+01   8.060804e+00
  -6.270101e+01   9.620137e+00
  -7.611831e+01   1.956175e+01
  -9.511451e+01   1.655685e+01
  -9.633829e+01   9.265383e+00
  -1.077099e+02   5.982086e+00
  -1.053858e+02  -1.300326e+01
  -9.717110e+01  -2.363358e+01
  -1.019861e+02  -2.739316e+01
  -8.034271e+01  -3.311341e+01
  -9.976068e+01  -2.276416e+01
  -9.413251e+01  -3.945337e+01
  -8.586399e+01  -1.239965e+01
  -1.042492e+02  -1.970041e+01
  -1.068619e+02  -1.620729e+01
  -1.046496e+02  -2.390945e+01
  -1.028859e+02  -2.716186e+01
  -7.749330e+01  -3.306611e+01
  -9.145397e+01  -5.096857e+01
  -6.638838e+01  -4.370678e+01
  -5.431319e+01  -2.582964e+01
  -3.815271e+01  -3.211287e+01
  -6.706050e+01  -5.537719e+00
  -5.499810e+01  -1.043666e+01
  -5.882439e+01   2.635655e+00
  -7.166852e+01   9.152945e+00
  -8.257840e+01   1.389036e+01
  -7.139165e+01   2.270908e+01
  -8.753162e+01   5.163823e+00
  -1.078966e+02   1.136777e+01
  -9.725380e+01  -3.189754e+00
  -9.397305e+01  -1.612648e+01
  -9.100913e+01  -1.503043e+01
  -8.219334e+01  -1.079103e+01
  -7.196093e+01   9.704545e+00
  -8.146227e+01  -1.180564e+01
  -7.949247e+01  -2.194941e+01
  -8.641831e+01  -1.379297e+01
  -9.093520e+01   8.427703e-01
  -8.462404e+01  -2.261784e+01
  -1.029103e+02  -7.632005e+00
  -8.316515e+01  -4.182219e+00
  -7.546109e+01  -6.269851e+00
  -6.919701e+01  -1.108637e+01
  -6.423114e+01   1.413309e+01
  -7.327257e+01  -1.144219e+01
  -7.491295e+01  -3.457690e+00
  -7.623203e+01   7.702844e+00
  -7.229927e+01   3.562369e+01
  -8.046711e+01   2.279832e+01
  -9.700291e+01   3.544723e-01
  -8.862162e+01   7.701709e+00
  -1.153943e+02  -9.336087e+00
  -9.702163e+01  -4.323264e+00
  -8.897555e+01  -2.305362e+01
  -7.623678e+01  -1.940185e+01
  -6.411936e+01  -2.992342e+01
  -5.451571e+01  -1.828429e+01
  -5.947998e+01  -4.736622e+00
  -5.221030e+01   6.005251e-02
  -4.569030e+01   5.430397e+00
  -6.202726e+01   1.151954e+01
  -5.185169e+01   2.065887e+00
  -6.563232e+01   1.640328e+01
  -8.486475e+01   2.900839e+01
  -8.853721e+01  -7.119066e+00
  -7.502640e+01   1.751468e+01
  -8.670258e+01   2.858239e+00
  -8.775803e+01   1.580597e+00
  -7.144647e+01   7.827158e+00
  -7.296297e+01   1.570229e+01
  -7.228644e+01   4.289800e-02
  -7.861942e+01   9.129753e+00
  -8.492429e+01   1.909772e+01
  -8.282175e+01   3.098593e+00
  -8.856156e+01   2.346471e+01
  -9.274451e+01   1.553099e+01
  -1.052038e+02   5.361856e+00
  -7.175517e+01  -9.807325e+00
  -7.019244e+01  -3.463862e+00
  -6.489584e+01  -6.711069e+00
  -6.177526e+01  -9.731398e-01
  -6.391301e+01   1.989838e-01
  -4.631664e+01  -5.021265e-01
  -4.346162e+01   2.864972e+01
  -6.262026e+01   2.822650e+01
  -8.006337e+01   2.242330e+01
  -6.266196e+01   4.208587e+01
  -6.672812e+01   2.380101e+01
  -7.533105e+01   1.749287e+00
  -6.521557e+01   2.471419e+01
  -8.997471e+01   4.112157e+00
  -8.011019e+01   1.510381e+01
  -6.517306e+01   9.468596e+00
  -6.687067e+01   2.289380e+01
  -7.882181e+01   1.485134e+01
  -5.298212e+01   1.410711e+01
  -8.071587e+01   2.177944e+01
  -7.916080e+01   3.078315e+01
  -7.393649e+01   8.052509e+00
  -9.597974e+01   9.845105e-01
  -6.876645e+01   4.885815e+00
  -7.564473e+01  -9.264627e+00
  -5.543005e+01  -1.143575e+01
  -6.394128e+01   8.359221e+00
  -5.027641e+01  -1.052174e-01
  -5.705886e+01   2.617627e+01
  -5.349332e+01   1.376964e+01
  -4.511441e+01   3.589394e+01
  -5.622503e+01   3.758934e+01
  -6.832490e+01   2.354839e+01
  -6.454969e+01   2.847236e+01
  -9.093774e+01   2.618654e+01
  -7.617315e+01   7.717411e+00
  -8.060843e+01   2.194250e+01
  -8.134856e+01   1.192890e+01
  -6.789713e+01   1.749319e+01
  -6.245065e+01   1.228553e+01
  -5.464690e+01   2.059765e+01
  -6.945559e+01   9.897781e+00
  -7.838662e+01   2.228001e+01
  -5.868071e+01   7.818767e+00
  -6.160242e+01   1.857916e+01
  -7.075566e+01   3.008355e+01
  -7.661582e+01   1.997934e+01
  -7.270825e+01   3.019406e+01
  -8.006301e+01   1.285377e+01
  -5.252222e+01  -3.033006e+00
  -5.808802e+01   2.132093e+00
  -4.912382e+01   2.181771e+01
  -5.577604e+01   2.400366e+01
  -3.810905e+01   3.376739e+01
  -6.313467e+01   4.054343e+01
  -7.431506e+01   4.101163e+01
  -7.264689e+01   3.183817e+01
  -5.700168e+01   2.097673e+01
  -8.572073e+01   1.017932e+01
  -6.193027e+01   2.498409e+00
  -6.111824e+01   1.564964e+01
  -7.005480e+01   1.893416e+01
  -6.386715e+01   1.950723e+01
  -4.079236e+01   2.704643e+01
  -5.091007e+01   1.603007e+01
  -5.044608e+01   3.680646e+01
  -5.060563e+01   2.928820e+01
  -5.008986e+01   3.694921e+01
  -5.630105e+01   2.101063e+01
  -5.879316e+01   1.660204e+01
  -5.923400e+01   2.716035e+01
  -6.239040e+01   2.669623e+01
  -6.653704e+01   3.080426e+01
  -5.707259e+01   3.638859e+01
  -5.157666e+01   2.471160e+01
  -5.631562e+01   2.111875e+01
  -5.633888e+01   3.263601e+01
  -7.896362e+01   3.329816e+01
  -5.490806e+01   5.024390e+01
  -5.065744e+01   3.770568e+01
  -6.121501e+01   4.236470e+01
  -5.936629e+01   4.713887e+01
  -6.721575e+01   4.178549e+01
  -7.171586e+01   3.683000e+01
  -7.554066e+01   1.728489e+01
  -6.066169e+01   2.838849e+01
  -6.196741e+01   2.766126e+01
  -6.924442e+01   1.108114e+01
  -5.682365e+01   2.278126e+01
  -5.449396e+01   3.966370e+01
  -4.885081e+01   4.715990e+01
  -5.359568e+01   2.978249e+01
  -5.486299e+01   2.660279e+01
  -5.854870e+01   1.445615e+01
  -6.906039e+01   3.767476e+01
  -5.344836e+01   2.752640e+01
  -3.269652e+01   1.672128e+01
  -5.207162e+01   2.483670e+01
  -3.481880e+01   2.342225e+01
  -2.429435e+01   2.785666e+01
  -1.982279e+01   3.398859e+01
  -3.998257e+01   5.273372e+01
  -4.177990e+01   4.831412e+01
  -5.663649e+01   4.136011e+01
  -5.627787e+01   5.143861e+01
  -6.689579e+01   4.535749e+01
  -6.633863e+01   3.326207e+01
  -5.043983e+01   4.209023e+01
  -4.415148e+01   1.982476e+01
  -5.602771e+01   3.156444e+01
  -4.584877e+01   2.607351e+01
  -3.548795e+01   2.842447e+01
  -4.290490e+01   2.234956e+01
  -4.354344e+01   3.634762e+01
  -1.999627e+01   3.761827e+01
  -4.959117e+01   4.065399e+01
  -5.519297e+01   4.189282e+01
  -1.995770e+01   4.421858e+01
  -3.881601e+01   3.510284e+01
  -6.519340e+01   3.357637e+01
  -2.595908e+01   2.193552e+01
  -3.451668e+01   2.906220e+01
  -2.334633e+01   4.806198e+01
  -4.093578e+01   4.246664e+01
  -4.173600e+01   5.076626e+01
  -2.058531e+01   4.199083e+01
  -2.875848e+01   4.350854e+01
  -6.163887e+01   4.698206e+01
  -3.247707e+01   5.672085e+01
  -3.555024e+01   5.692852e+01
  -4.899800e+01   4.197565e+01
  -5.086387e+01   3.600392e+01
  -4.735015e+01   4.217776e+01
  -5.466133e+01   1.868543e+01
  -2.193222e+01   3.030717e+01
  -4.855021e+01   2.398254e+01
  -3.569946e+01   1.506379e+01
  -4.208818e+01   3.966766e+01
  -3.885928e+01   4.171788e+01
  -4.705545e+01   3.983339e+01
  -2.770163e+01   4.452466e+01
  -4.857034e+01   5.192824e+01
  -5.168873e+01   4.098214e+01
  -4.490857e+01   2.668544e+01
  -3.062049e+01   3.292566e+01
  -4.710629e+01   5.233205e+01
  -4.164319e+01   3.945507e+01
  -2.701752e+01   2.521613e+01
  -2.799685e+01   4.851530e+01
  -3.593480e+01   5.203498e+01
  -2.805826e+01   4.076861e+01
  -3.402943e+01   4.052697e+01
  -4.374697e+01   3.618618e+01
  -3.986666e+01   1.902060e+01
  -3.567545e+01   5.816974e+01
  -2.415288e+01   1.530111e+01
  -2.288122e+01   2.864413e+01
  -3.094448e+01   3.210571e+01
  -2.985206e+01   2.853654e+01
  -1.841462e+01   4.598730e+01
  -2.250500e+01   5.229022e+01
  -2.137647e+01   4.068853e+01
  -2.544030e+00   4.222658e+01
  -1.393799e+01   2.674896e+01
  -4.527330e+01   5.659541e+01
  -2.673291e+01   5.216814e+01
  -4.841611e+01   5.817284e+01
  -5.398432e+01   6.079666e+01
  -3.254815e+01   2.997082e+01
  -3.291671e+01   2.849170e+01
  -3.399945e+01   4.083449e+01
  -2.687047e+01   5.937914e+01
  -3.114824e+01   3.270344e+01
  -3.565252e+01   3.621725e+01
  -3.361492e+01   3.855466e+01
  -4.050459e+01   5.409188e+01
  -3.236215e+01   4.226032e+01
  -3.681697e+01   3.250695e+01
  -3.190376e+01   1.735709e+01
  -2.350048e+01   3.145230e+01
  -3.425739e+01   3.034929e+01
  -2.191684e+01   3.645749e+01
  -1.281455e+01   3.351106e+01
  -2.585717e+01   4.020499e+01
  -1.603233e+01   4.556949e+01
  -1.297598e+01   5.188193e+01
  -2.230875e+01   6.582316e+01
  -2.809233e+01   6.639469e+01
  -1.761694e+01   4.398304e+01
  -2.159722e+01   6.141051e+01
  -5.627505e+01   5.327126e+01
  -3.629789e+01   4.274939e+01
  -2.465907e+01   3.704689e+01
  -3.208203e+01   3.165261e+01
  -1.428168e+01   2.707330e+01
  -3.784273e+01   5.078693e+01
  -1.058337e+01   5.618175e+01
  -1.068836e+01   3.820824e+01
  -3.269178e+01   5.263660e+01
  -1.283251e+01   5.773423e+01
  -1.014147e+01   4.071368e+01
  -3.096597e+01   3.404712e+01
  -3.719156e+01   3.078335e+01
  -3.883733e+01   3.533032e+01
  -2.512704e+01   5.031233e+01
  -1.682428e+01   3.936943e+01
  -2.303538e+01   2.949712e+01
  -5.685473e+00   3.495388e+01
  -1.819329e+01   4.598605e+01
  -2.317207e+01   4.962090e+01
  -1.592355e+01   4.201273e+01
  -3.058343e+01   4.504509e+01
  -3.422667e+01   4.653795e+01
  -2.024662e+01   5.004668e+01
  -3.802769e+01   3.692457e+01
  -3.536730e+01   2.380924e+01
  -2.224127e+01   2.213412e+01
  -2.697381e+01   3.029366e+01
  -3.181552e+01   4.474291e+01
  -1.456304e+01   4.026568e+01
  -1.680099e+01   3.891364e+01
  -1.026818e+00   4.928972e+01
  -1.027825e+01   4.837296e+01
   5.028284e+00   3.343270e+01
  -9.953378e+00   4.170553e+01
  -2.376397e+01   5.568154e+01
  -3.479976e+01   6.647782e+01
  -1.436604e+01   4.583095e+01
  -2.442729e+01   4.121434e+01
  -1.250375e+01   3.420589e+01
  -1.373834e+01   3.626612e+01
   5.108805e+00   4.279333e+01
  -4.791953e+00   3.816816e+01
  -9.349858e+00   4.345934e+01
  -1.811849e+01   5.789680e+01
  -3.073740e+00   4.760055e+01
  -2.306007e+01   3.335627e+01
   6.841491e-01   3.946542e+01
  -2.507025e+01   4.140279e+01
  -1.712935e+01   3.167072e+01
  -2.335365e+01   3.424955e+01
  -1.563396e+01   3.770224e+01
   2.980391e+00   3.298763e+01
  -2.669138e+00   2.454223e+01
  -8.586548e+00   3.489761e+01
  -1.443743e+01   4.610173e+01
  -2.274361e+01   4.999073e+01
  -7.667286e+00   4.724527e+01
  -1.871153e+01   5.163203e+01
  -2.542182e+01   4.480138e+01
  -1.504898e+01   5.125494e+01
  -3.913194e+00   4.824068e+01
  -2.025776e+01   4.144915e+01
  -1.768741e+01   3.899637e+01
   1.063477e+01   4.199006e+01
  -4.521678e-01   3.453568e+01
  -1.693202e+00   4.642012e+01
  -9.494101e+00   6.584976e+01
  -8.896799e+00   5.656538e+01
  -1.962135e+01   5.496841e+01
  -1.099498e+01   4.217206e+01
  -9.855999e+00   4.558705e+01
   1.019592e+01   4.549272e+01
  -2.297380e+01   2.469851e+01
  -9.582232e+00   3.074844e+01
   3.899994e+00   3.515120e+01
   7.471893e+00   2.939141e+01
  -1.551078e+01   3.631850e+01
  -3.238883e+00   3.647042e+01
  -1.645557e+00   4.382921e+01
  -8.614267e+00   4.620496e+01
   1.711529e+01   5.083596e+01
  -4.506121e+00   5.623447e+01
  -1.030291e+01   4.119103e+01
  -9.220738e+00   4.431874e+01
  -7.298312e+00   2.866923e+01
  -7.650808e+00   3.188697e+01
   5.094376e+00   1.895518e+01
  -3.935488e+00   3.810382e+01
   5.286943e+00   3.591253e+01
   1.983052e+01   3.618960e+01
   1.372843e+01   3.988194e+01
  -1.409358e+00   3.499815e+01
  -8.524898e+00   4.678029e+01
   2.813635e+00   5.139014e+01
  -3.809369e+00   3.283354e+01
  -5.244655e+00   2.294359e+01
  -3.514108e+00   2.384679e+01
   3.002249e+00   4.472512e+01
  -5.723203e-01   1.484022e+01
   1.041213e+01   2.854910e+01
   2.631887e+00   3.007724e+01
   3.583548e+00   2.894700e+01
   7.178915e+00   2.682217e+01
  -1.115309e+01   2.652930e+01
   1.525408e+01   3.567651e+01
   1.500458e+01   5.194945e+01
   1.648625e+01   3.477112e+01
   3.100115e+00   3.966505e+01
   6.228080e+00   1.981753e+01
   3.460347e+00   3.615978e+01
   6.194626e+00   3.621969e+01
   1.234366e+01   3.120859e+01
   1.921503e+01   4.503032e+01
   9.498138e+00   4.243221e+01
   1.383015e+01   3.831527e+01
   4.756088e+00   4.638096e+01
  -3.862105e+00   5.242274e+01
  -3.995728e+00   3.944839e+01
  -4.914004e-01   2.434785e+01
  -9.650438e+00   3.091020e+01
  -7.609392e+00   2.369548e+01
   1.667743e+01   2.216045e+01
   1.657454e+00   2.207882e+01
  -2.444366e+00   1.881421e+01
   7.955393e+00   2.895588e+01
   1.336540e+01   4.031393e+01
   2.984015e+01   4.600530e+01
   1.130789e+01   1.663590e+01
   2.435530e+00   1.784813e+01
   1.375756e+01   5.293525e+01
   1.279725e+01   1.875385e+01
   2.999659e+00   4.563107e+01
  -8.530977e+00   3.470745e+01
   6.746932e+00   4.717152e+01
   7.646205e+00   2.184717e+01
   1.135096e+01   4.254343e+01
   1.473302e+01   3.639622e+01
   1.733365e+01   4.139516e+01
   7.121965e+00   3.732359e+01
   2.608048e+00   3.263976e+01
   2.197725e+01   3.141666e+01
   3.576610e+00   3.757867e+01
   7.138474e-01   3.327047e+01
  -1.790743e+00   3.280876e+01
   1.359532e+01   2.274505e+01
   5.304989e+00   2.164063e+01
   1.379107e+01   3.040823e+01
   1.314987e+01   3.071680e+01
   1.013405e+01   2.564871e+01
   1.592427e+01   2.492066e+01
   2.331418e+00   2.416341e+01
   2.876474e+01   3.054666e+01
   4.113302e+00   5.805363e+01
   6.745996e+00   4.620357e+01
   6.014680e+00   4.395207e+01
   8.380265e+00   2.827309e+01
   1.022089e+01   2.818140e+01
  -1.079493e+00   3.910304e+01
   8.106210e+00   2.485575e+01
   2.944072e+00   4.654061e+01
   2.163343e+01   1.384828e+01
   2.428276e+01   2.537644e+01
   6.632326e+00   1.860951e+01
   1.809925e+01   2.546106e+01
   2.122886e+01   2.611331e+01
   3.812737e+00   2.647061e+01
   1.032903e+01   2.870555e+01
   5.499900e+00   4.058796e+01
   1.494698e+01   2.736672e+01
   1.396834e+01   2.184955e+01
   1.071237e+01   3.191296e+01
   1.503134e+01   2.632472e+01
   1.550459e+01   2.864298e+01
   1.662712e+01   2.434879e+01
   2.455420e+01   2.345639e+01
   1.020582e-01   3.558860e+01
   1.042274e+01   3.480862e+01
   8.558366e+00   1.492251e+01
   3.373307e+00   2.311191e+01
   5.602129e-01   3.892291e+01
  -4.324248e-01   3.088423e+01
   9.313566e+00   1.707342e+01
   2.931124e+01   3.274712e+01
   1.262340e+01   2.413293e+01
   1.776891e+01   2.835642e+01
   1.502152e+01   1.914414e+01
   1.652459e+01   2.501141e+01
   1.595632e+01   3.559908e+01
   1.625578e+01   3.046511e+01
  -4.221681e+00   2.816414e+01
   1.899039e+01   2.590630e+01
   8.343130e+00   1.406303e+01
   1.362071e+01   3.174600e+01
  -1.671460e+00   2.766573e+01
   1.236101e+01   1.455796e+01
   2.109645e+01   3.516314e+01
   2.774174e+01   1.361983e+01
   4.019953e+00   2.756272e+01
   2.441616e+01   1.543976e+01
   1.430240e+01   3.137081e+01
   1.323081e+01   2.735362e+01
   1.669792e+01   1.010997e+01
  -6.989501e+00   2.979585e+01
   5.112792e+00   2.675320e+01
   1.103745e+01   9.022670e+00
   5.451569e-02   2.248713e+01
   1.547538e+01   2.760139e+01
   1.790822e+01   2.718514e+01
   2.280050e+01   1.827983e+01
   3.663665e+01   2.845073e+01
   2.203274e+01   4.944857e+01
   2.451579e+01   1.511811e+01
   1.115219e+01   2.220321e+01
   2.511081e+01   1.345118e+01
  -3.191257e-01   3.464262e+01
   2.554754e+01   2.281573e+01
   5.860407e+00   1.916793e+01
   1.830213e+01   5.457204e+00
   1.802375e+01   5.575233e+00
   3.502583e+00   3.679226e+01
   1.355866e+01   9.604563e+00
   1.687047e+01   2.525142e+01
   1.899848e+01   2.972415e+01
   3.120920e+01   3.337122e+01
   2.141136e+01   1.622121e+01
   1.613240e+01   3.291306e+01
   3.156163e+00   3.084957e+01
   5.554291e+00   2.545014e+01
   1.842857e+01   1.680133e+01
   1.623913e+01   1.420151e+01
   8.830686e+00   5.918087e+00
   1.121744e+01   1.172297e+01
   3.240230e+01   1.409542e+01
   3.304672e+01   2.552825e+01
   1.161563e+01  -2.147147e+00
   9.120353e+00   2.024572e+01
   2.662826e+01   1.674321e+01
   1.876969e+01   3.790873e+01
   2.065241e+00   2.679142e+01
   8.473927e+00   1.363062e+01
  -4.554188e+00   1.594394e+01
  -4.433978e+00   1.066839e+01
   6.142825e+00   1.150605e+01
   2.963747e+01   8.834132e+00
   1.182396e+01   2.560823e+01
   2.434080e+01   1.204791e+01
   1.683968e+01   1.552911e+01
   2.371177e+01   2.334974e+01
   1.674563e+01   2.106617e+01
   3.121368e+01   2.711969e+01
  -1.029856e+01   2.806276e+00
   6.366138e+00   1.551565e+01
   3.268903e+01   1.893706e+01
   2.059330e+01   1.351987e+01
   3.062601e+01   1.583775e+01
   3.103459e+01   8.876335e+00
   1.338616e+01   1.225229e+00
   3.345046e+01   2.387770e+01
   1.212731e+01   1.996354e+01
   3.032561e+01   1.026521e+00
   1.917403e+01   1.400461e+01
   1.145027e+01   2.019319e+01
   2.311204e+01   2.051544e+01
   4.883840e+00   4.425273e+01
   3.411386e+01   2.123185e+01
   1.233854e+01   1.217585e+01
   7.564403e+00   1.064809e+01
   2.773890e+01   1.769338e+01
   1.918260e+01   2.958500e+01
  -7.071112e+00   2.472279e+01
   2.713730e+01   3.940716e-01
   2.675303e+01   7.095415e+00
   1.590961e+01   1.949814e+01
   1.410017e+01   1.660796e+01
   3.291347e+01   1.886205e+01
   2.356614e+01   1.661592e+01
   1.348180e+01   1.011867e+01
   2.246317e+01   3.073141e+00
   3.988223e+01   5.360519e+00
   2.461505e+01   1.156255e+01
   2.020597e+01   8.009899e-01
   2.078931e+01  -3.975548e+00
   1.406237e+01   1.186580e+01
   2.246558e+01   4.974082e+00
   7.803167e+00   2.170604e+00
   2.350252e+01  -2.183444e+00
   1.099847e+01   1.715486e+01
   2.389871e+01   1.877932e+00
   2.328612e+01   3.054204e+00
   1.005788e+01   3.643926e+00
   2.201659e+01   1.044387e+01
   2.485907e+01   1.558376e-01
   2.225515e+01   1.359459e+01
   4.385254e+00   2.123230e+01
   1.082270e+01   4.400940e+01
   2.337943e+01   1.944562e+01
   9.270091e+00   1.847588e+01
  -2.143983e+00   2.361379e+01
   1.986957e+01   5.467912e+00
   3.308007e+01   4.025668e+00
   2.446799e+01  -1.556033e+00
   1.024826e+01   7.673131e+00
   2.004659e+01   2.094216e+00
   2.301240e+01   2.191836e+01
   1.259580e+01   1.919810e+01
   2.710009e+01   2.599436e+00
   2.796237e+01   1.367881e+01
   8.650764e+00   2.410852e+01
   2.486063e+01   6.307477e-01
   4.275490e+00   1.689028e+01
   1.983399e+01   1.605735e+01
   3.234300e+01  -3.198104e-01
   2.841513e+01   1.041258e+01
   3.202033e+01   1.248731e+01
   1.512082e+01   1.078980e+01
   1.652709e+01   2.244711e+01
   2.164351e+01   2.551655e+01
   3.388171e+01   1.949309e+01
   1.325215e+01   6.949310e+00
   1.256267e+01   5.041093e+00
   7.922276e+00   1.037004e+01
   1.253636e+01   1.723648e+01
   2.462540e+01   2.049876e+01
   1.745201e+01   1.494488e+01
   8.218161e+00   5.690497e+00
   1.496579e+01   1.749876e+01
   3.139433e+01   1.425775e+01
   9.361481e+00   7.944534e+00
   2.932732e+01   5.511168e+00
   3.237409e+01   3.485353e+01
   2.817043e+01   1.815834e+01
   2.531179e+01  -7.572581e+00
   2.665304e+01   5.548052e+00
   1.673875e+01  -2.778286e+00
   4.162691e+00   7.408154e+00
   9.957222e+00   2.455852e+01
   1.305406e+01  -4.033196e+00
   2.359812e+01   1.456041e+01
   3.066463e+01  -1.892547e+00
   3.362376e+01   2.139575e+01
   2.101272e+01   2.720906e+00
   2.132334e+01   4.663622e+00
   1.201616e+01   1.688064e+01
   1.816815e+01  -7.671024e+00
  -7.570835e+00   1.570317e+01
   2.511961e+01   2.394256e+01
   1.321430e+01   1.336230e+01
   5.635918e+00   3.289814e+00
   2.251786e+01   1.142523e+01
   2.671880e+01   6.028533e+00
   1.709856e+01   1.986357e+01
   4.383863e+01   5.507625e+00
   1.929305e+01  -4.114638e+00
   2.360503e+01   5.463883e+00
   1.636945e+01   1.210314e+01
   1.229887e+01   1.732819e+00
   1.396448e+01  -8.570095e+00
   2.513690e+01   6.609225e+00
   2.531697e+01   2.643994e+00
   3.283161e+01   1.198101e+01
   1.750420e+01   2.928071e+00
   1.380697e+01  -4.158135e+00
   1.266240e+01   7.052178e+00
   3.173405e+01   1.463789e+01
   1.497917e+01   6.479959e+00
   1.245717e+01   5.065533e+00
   1.830604e+01   3.759617e+00
   5.683033e+00   1.605149e+01
   2.584032e+01  -3.981645e+00
   1.079709e+01   1.538391e+01
   1.332430e+01   6.933833e+00
   1.716334e+01  -2.062729e+00
   1.290174e+01  -1.166349e+01
   3.203613e-01   4.212988e+00
   2.984153e+00  -4.322747e+00
   1.153214e+01   4.862678e+00
   1.821142e+01   2.186656e-01
   1.710142e+01   2.335903e+00
   2.427722e+01  -3.746514e+00
   1.850162e+01  -2.669644e+00
   1.942854e+01  -5.100919e+00
   9.089280e-01  -2.031043e-02
   1.997000e+01   8.883892e+00
   9.012464e+00   1.702227e+01
   2.516972e+01   5.487985e+00
   7.189364e+00  -1.033478e+01
   1.518928e+01   3.015483e+00
   1.946622e+01  -6.661520e+00
   1.775690e+01  -4.165563e+00
   4.981832e+00   8.591590e+00
   1.070084e+01  -2.717209e+00
   1.553316e+01   2.433070e+01
   1.481546e+01   2.026768e+01
   2.177884e+01   1.262270e+01
   1.382200e+01  -2.382922e+00
   2.670239e+01   1.199201e+01
   5.932603e+00  -9.503551e+00
   1.521400e+01   3.314653e+00
   1.073776e+01   3.591655e-01
   7.145526e+00   7.843633e+00
   3.129125e+01   3.017761e+00
   3.443152e+01  -2.545313e+00
   1.649706e+01  -7.492723e+00
   2.930176e+01   4.577278e+00
   2.461077e+01  -2.748211e+00
   8.237108e+00   1.465074e+01
   1.625500e+01  -8.887113e+00
   1.267952e+01  -5.188302e+00
   8.540474e+00  -1.320977e-01
   2.839009e+01  -1.861713e+01
   2.181762e+01  -1.047329e+00
   2.553846e+01   1.819589e+01
   1.234178e+01  -5.085245e+00
   1.323999e+01  -4.467956e+00
   3.339672e+01   8.938541e+00
   1.343481e+01  -7.730826e+00
   6.479573e+00   2.255974e+00
   2.720585e+01   3.009193e+00
   2.159956e+01   1.076714e+01
   1.885593e+01   5.903788e+00
   1.631955e+01  -1.071397e+01
   3.604309e+00  -3.566128e+00
   2.315592e+01   1.038458e+01
   1.905699e+01  -1.068059e-01
   8.775162e+00   9.457067e+00
   8.211522e+00   1.593691e+00
   2.752974e+01   2.149242e+00
   1.913858e+01   2.437084e+00
   2.341078e+01  -4.453768e+00
   1.463825e+01  -8.059666e+00
   1.996217e+00   5.602293e+00
   3.158764e+01  -1.039508e+00
   2.275051e+01   1.831955e+01
   9.376705e+00  -5.473207e+00
   1.949004e+01  -1.048931e+01
   2.553991e+01   2.111991e+00
   9.085131e+00   2.710792e+00
   1.821600e+01  -1.864264e+01
   1.407159e+01  -5.868742e+00
   9.136669e+00  -7.263941e+00
   1.623608e+01   7.417428e+00
   3.638868e+01   1.121334e+01
   3.346463e+01  -7.388694e-02
   2.141488e+01  -1.151222e+01
   2.336623e+01  -9.134895e+00
   2.242973e+00   8.643391e+00
   2.383145e+01  -1.072863e+01
   2.512710e+01  -5.236635e+00
   5.718696e-02  -5.093049e+00
   1.126239e+01  -4.192195e+00
   1.183865e+01  -2.097575e+00
   1.600893e+01   6.236720e+00
   1.899385e+01  -9.822933e+00
   3.738876e+00   1.329337e+01
   2.103351e+01  -9.028410e+00
   1.282136e+01  -1.390433e+01
   2.889417e+01  -8.095557e+00
   5.653836e+00  -2.597411e+00
   2.884872e+01  -8.706072e+00
   1.966067e+01  -3.608646e-01
   3.559532e+01   1.550120e+00
   1.714705e+01  -1.171051e+01
   2.441955e+01  -2.984321e+00
   1.337667e+01   5.249840e+00
   2.001817e+01   9.975494e+00
   8.466436e+00  -8.468437e-01
   1.039609e+01  -1.327037e+00
   8.522269e+00  -5.148355e+00
   1.704979e+01  -6.683477e+00
   1.014601e+01  -2.482201e+00
   1.411913e+00   4.108843e+00
   7.403714e+00   2.378594e+01
   1.519051e+01   5.472291e+00
   2.123849e+01  -7.799511e+00
   1.686805e+01   9.158105e-01
   1.647711e+01  -9.849443e+00
   1.594001e+01  -1.378618e+01
   1.546507e+01  -2.304522e+01
   2.120164e+01   4.714001e+00
   9.783891e+00  -2.031097e+00
   2.367273e+01  -1.731740e+01
   1.200031e+00   8.989441e+00
   1.046035e+01   2.179628e+00
   1.531951e+01  -7.796500e+00
   1.249463e+01  -7.066160e+00
   1.430262e+01  -7.677351e+00
   1.333644e+01   1.569981e+01
   1.513239e+01  -5.704739e+00
   2.338897e+01   1.587164e+00
   1.261227e+01  -4.605176e+00
   1.707465e+01   1.402111e+01
   2.534390e+01  -9.878917e+00
   2.871450e+01  -7.854297e+00
   1.360926e+01  -1.034036e+01
   1.458170e+01  -7.954892e+00
   1.276756e+01   4.729494e-01
   3.012181e+01   9.697514e+00
   1.255177e+01  -2.343706e+01
   1.430035e+01  -2.485576e+01
   3.026535e+01   4.807631e+00
   1.397028e+01  -1.061005e+01
   1.353925e+01  -2.850628e-01
   1.925625e+01  -1.999815e+01
   2.270420e+01  -2.105025e+01
   1.248989e+01  -4.759393e+00
   1.125621e+01  -1.105952e+01
   1.845376e+01  -1.097909e+01
   8.826321e+00  -1.236678e+00
   1.423165e+01  -3.948551e+00
   9.098454e+00  -1.887271e+01
  -5.618654e+00   6.130812e+00
   1.954595e+01  -1.497873e+01
   1.218876e+01   1.172193e+00
  -1.317137e+00  -5.033426e-01
  -1.817501e+00  -7.601814e+00
   9.872004e+00  -2.037753e+01
   2.229946e+01  -6.934717e+00
   1.016014e-01  -1.576445e+01
   4.881649e+00  -5.420529e+00
   2.019117e+01   4.879846e+00
   9.134339e+00  -1.028664e+01
   2.074264e+01  -2.480306e+01
   1.729536e+01   3.988605e+00
   8.854661e+00  -4.334237e+00
   2.741495e+01  -1.753450e+01
   6.750806e+00  -1.113171e+01
   2.115084e+01   7.310690e+00
   3.162121e+01  -2.375285e+01
   2.357206e+01  -1.885245e+01
   1.967083e+01   6.295305e-01
   1.328933e+01   8.245198e+00
   1.112792e+01   6.416354e+00
   1.064732e+01  -1.224685e+01
   3.871006e+00  -4.913568e-02
   1.826532e+00   1.578011e+00
   2.041727e+01   1.919681e+00
   1.296261e+01   5.479969e+00
   1.272361e+01  -1.448055e+01
   5.210338e-01  -1.670071e+00
   3.764942e+00  -1.266222e+01
   2.274582e+00  -1.059810e+01
   9.230463e+00  -6.963881e+00
   3.135258e+00  -3.408500e+00
   1.988859e+01  -1.988802e+00
   1.558124e+01  -4.196786e+00
   1.001188e+01   1.777293e+00
   6.899613e+00  -1.534596e+00
  -6.576323e-01  -9.684614e+00
   1.304620e+01  -3.236870e+00
   1.302543e+01  -8.809956e+00
   9.858591e+00   4.702394e+00
   1.095309e+01  -2.573270e+00
   1.168116e+01  -1.872097e+01
   1.871826e+01   4.078333e+00
   2.449963e+01   8.821130e+00
  -1.989955e+00   6.800403e-01
   1.946992e+01  -1.838815e+01
   8.787543e+00  -8.554797e+00
   1.170305e+01  -7.057581e+00
   1.045078e+01   2.756823e+00
   1.294368e+00  -1.632766e+01
   1.057505e+01  -2.460146e+00
   1.550385e+01  -2.691418e+01
   2.843340e+01  -1.545318e+01
   7.434417e+00  -4.829571e+00
   2.658306e+01  -1.114179e+01
   2.342069e+01  -2.587049e+00
   2.289650e+01   1.102258e+00
   1.873200e+01   2.561810e+00
   1.524233e+01  -1.383874e+01
   9.732365e+00  -5.141334e+00
  -8.711792e+00  -6.168172e+00
   1.312066e+01  -1.192995e+01
   1.738421e+01   2.772200e+00
   2.418843e+00   4.680093e+00
   2.675336e+01  -1.805217e+01
   5.119817e+00  -1.025021e+01
  -4.337988e+00  -8.691359e+00
   4.103851e+00  -5.430840e+00
   1.236302e+01  -1.227560e+01
   2.277955e+01   1.699267e+01
   1.852924e+01   1.117336e+01
   1.385911e+01  -1.481733e+00
   7.225779e+00  -1.658317e+00
   1.883424e+01  -3.868672e+00
  -3.276306e+00  -8.080147e+00
  -1.314450e+01   1.582006e+00
   9.124781e+00  -1.028628e+01
  -5.377391e+00  -1.523854e+01
   2.778507e+01   5.738512e-01
   8.901036e+00  -8.537689e+00
  -7.115113e+00  -5.185538e+00
   1.156987e+01  -8.495575e+00
  -9.212618e+00  -1.379678e+01
   2.970823e+01  -1.237247e+01
   4.659250e+00  -3.086837e+00
  -4.476629e+00  -4.864015e-01
   1.689501e+01   7.642416e+00
   9.811084e+00  -1.375528e+01
   1.890432e+01  -5.715717e+00
  -1.736960e+00  -2.630989e+00
  -7.497529e+00   6.692857e-01
   2.406170e+01   9.950845e+00
   4.288473e+00  -5.678554e+00
   3.189670e+00   3.456583e-01
   1.572290e+01   4.288598e-01
   1.244150e+00  -1.394913e+01
  -1.683874e+00  -2.126260e+00
   1.423500e+01  -3.612060e+00
   5.742432e+00   3.754601e+00
   1.798488e+01  -2.255245e+01
   1.591484e+01  -8.460544e+00
   1.647218e+01  -5.777950e+00
   6.749392e+00  -2.486841e+01
   1.146588e+01  -1.428164e+01
   2.709813e+01  -1.370985e+01
   1.382631e+01  -1.195591e+01
   1.744598e+01  -1.290369e+01
   6.951197e+00  -8.433323e+00
   8.105849e+00  -3.714670e+00
   4.798100e+00  -9.800050e+00
   1.783197e+01  -3.864432e+00
   1.306797e+01   1.658439e+00
   2.643960e+01  -1.670637e+01
  -8.361200e+00  -2.822458e+00
   3.797008e+00  -8.783194e+00
   1.339172e+01  -7.461960e+00
   1.313189e+01   1.757603e+01
   1.169852e+01  -1.047843e+00
  -6.620304e+00  -1.034369e+01
  -4.428705e+00  -4.334886e+00
   6.684949e+00   9.972471e+00
   6.603470e+00  -1.139248e+01
   2.835610e+01  -3.776867e-01
  -3.384168e+00  -1.132201e+01
  -5.046861e+00  -9.114082e+00
   5.529438e+00  -1.178198e+01
   9.706288e+00  -1.241639e+01
   8.164696e+00  -9.166862e-01
   1.311462e+01  -2.126500e+00
   7.217744e+00  -1.669157e+01
   1.690339e+01  -1.831121e+01
   1.844306e+01  -5.004617e+00
   7.959856e+00  -1.713241e+00
  -2.402358e+00  -2.997636e+01
  -1.370109e+00  -8.879016e+00
  -3.443257e+00  -1.922409e+01
   8.777130e+00  -7.231581e-01
   1.367584e+01   4.510636e+00
   2.087414e+01  -4.018659e+00
   1.039515e+01  -8.747999e+00
   1.262100e+01   1.998983e+01
   1.356495e+01  -2.246003e+01
   1.482461e+01  -8.748424e+00
  -1.042513e+01  -4.728127e+00
  -4.625049e+00  -1.995928e+00
   3.455087e+00  -1.343937e+01
   6.392497e+00   1.835423e+01
   2.586985e+00  -3.221138e+01
   2.786176e+01  -1.815193e+01
   1.402820e+01  -1.615550e+01
  -1.202755e+00  -6.315444e+00
  -4.447105e+00   5.949434e+00
  -8.236432e+00  -1.495394e+00
   2.272481e+00  -1.989739e+01
   5.759675e+00  -1.296797e+01
   1.560646e+01  -1.288921e+01
  -1.894301e+01   1.890551e+00
  -8.449977e+00  -5.587636e+00
  -8.106711e+00  -3.770189e+00
   3.643290e+00  -1.765446e+01
   6.453580e+00  -5.744641e+00
   7.629131e+00  -2.835485e+01
   2.802099e+00  -1.680177e+01
  -4.525252e+00  -4.977705e+00
   2.944432e+00  -1.885099e+01
   1.087913e+01  -1.521669e+01
   1.731030e+00  -1.060171e+00
  -2.292223e+00  -1.324883e+01
   6.238951e+00  -7.934900e+00
   2.362418e+00  -4.520123e+00
   1.620484e+01  -1.670655e+01
   1.627420e+00   1.872455e+00
   7.100399e+00  -1.128251e+01
   1.843676e+01  -3.003094e+01
  -2.229101e+01  -5.244126e+00
   9.982939e+00  -1.526620e+01
   1.283680e+01  -9.819237e+00
  -9.654482e+00  -6.115463e+00
  -1.243223e+01  -4.441650e+00
   2.404727e+01   8.784695e+00
   9.030813e+00  -1.941639e+01
   3.201866e+00   6.888239e-01
   1.720332e+00  -1.118061e+01
   1.137111e+01   2.774408e+00
   3.163954e+00  -1.260109e+01
   6.500179e+00   4.349633e+00
   1.511788e+01   5.581078e+00
   6.652937e+00  -1.694678e+01
  -8.242281e+00  -2.013426e+01
  -6.996022e+00  -8.430776e+00
   5.601845e-01  -1.464140e+01
  -3.589806e+00  -8.760901e+00
   5.880710e+00  -8.809296e+00
  -8.349194e+00  -5.592812e+00
   5.365788e+00  -1.788758e+00
  -8.622141e+00  -1.933767e+01
  -4.014731e+00  -3.324465e+00
   1.097003e+01   3.427502e+00
   1.968403e+01  -2.391601e+01
  -7.090530e+00  -1.354724e+01
   8.559501e+00  -9.848365e+00
  -5.659075e-02   3.561695e+00
   1.192589e+01  -1.057821e+01
   1.463697e+00  -1.753392e+01
   1.260840e-01  -1.274211e+00
  -5.343487e-01  -1.521479e+01
   1.400025e+00  -1.583785e+01
  -5.630295e+00   2.345551e+00
   2.349449e+01   9.392979e+00
   6.737341e+00  -1.645851e+01
  -6.163357e+00  -7.093900e+00
  -4.402329e+00  -8.684861e+00
  -3.237010e+00  -4.891832e+00
   4.752319e+00  -7.395215e+00
  -2.076872e+00  -1.471782e+01
   3.561862e+00  -9.870104e+00
   8.191496e+00   9.477693e-01
   9.054812e+00   3.097208e+00
  -1.978071e+00  -9.861309e+00
   9.376724e-01  -1.662337e+01
   2.418126e+00  -9.927542e+00
  -1.492701e+01   1.109416e+01
   1.125001e+01  -7.604877e+00
   1.364265e+01  -1.635633e+01
  -1.570736e+00  -1.003906e+01
  -7.559472e+00  -8.101160e+00
   1.158635e+01  -9.839258e+00
   9.594416e+00  -1.431734e+01
  -4.158204e+00  -1.398409e+01
  -4.540364e+00  -2.484979e+01
  -6.235486e+00  -1.324646e+01
   5.557475e+00  -5.320312e-01
   8.669861e+00  -2.242722e+01
   9.653019e+00  -2.229312e+01
  -7.380030e+00  -7.412829e+00
   2.496599e+01   3.954332e-01
   1.140878e+01  -1.603953e+01
  -8.903652e+00  -8.909020e+00
   3.996352e+00  -5.709926e+00
  -1.196149e+01  -1.416116e+01
   3.504934e+00  -1.441299e+01
  -8.697699e-01  -1.879389e+01
   2.340665e+00  -1.017759e+01
   1.795562e+01  -2.034732e+01
   7.420761e+00  -1.144923e+01
   1.218402e+01   8.920211e-01
   8.814489e+00  -2.870086e+01
  -4.226297e+00  -8.375600e+00
  -1.513109e+01   3.309908e+00
   8.376509e+00  -7.688601e+00
  -6.482066e+00  -1.704456e+00
   3.463762e+00   1.870133e+00
  -2.828792e+01  -1.312561e+01
  -1.887736e+01  -1.777201e+01
   5.513072e+00  -5.059963e-02
  -9.363158e+00  -7.974644e+00
   5.052587e+00  -1.249526e+01
  -6.892805e+00   1.117333e+01
  -4.756897e+00  -2.065020e+01
   1.006717e+00  -2.111925e+00
   1.111326e+01   6.303834e+00
  -9.369650e+00  -5.033378e+00
   7.397220e+00  -4.696359e+00
   3.903795e+00  -2.262991e+01
  -1.890177e+01  -6.005076e+00
   4.230403e+00  -2.818143e+01
   1.008772e+01  -6.321662e+00
  -1.967888e-01  -5.560497e+00
   4.629912e+00  -8.061568e+00
  -6.290740e+00  -1.591226e+01
   2.015529e+00  -3.973066e+00
  -1.847844e+00  -1.575863e+01
   1.201799e+01   1.749045e+00
  -1.726601e+01  -3.217985e+01
   9.638487e+00   1.328819e+01
  -8.648479e+00  -7.066878e+00
  -1.019364e+01  -4.167141e+00
   1.481592e+00  -1.054973e+00
   6.881202e+00  -1.824393e+01
  -1.893176e+01  -2.502922e+01
   3.128699e+00  -1.312573e+01
   9.864000e+00  -2.980318e+00
   4.708753e+00  -2.522404e+00
   1.481692e+00  -1.642146e+01
  -6.437881e+00  -2.367126e+01
  -5.685774e+00  -1.729603e+01
   2.304804e+00  -7.841043e+00
  -1.204835e+01   3.371334e+00
   5.883120e+00  -3.085808e+01
  -1.211521e+01   1.897307e-01
  -1.503349e+01  -8.357264e+00
  -1.743236e+01   3.434884e+00
  -8.039627e+00  -1.798474e+01
  -7.718865e+00   1.079261e+01
  -1.470324e+01  -1.642961e+00
   1.141297e+01  -3.946249e+00
  -5.539055e+00  -8.014244e+00
  -1.571567e+01  -1.308603e+01
   7.167080e+00  -7.645986e+00
  -1.742034e-01   1.419143e+01
   5.430430e+00  -8.569981e+00
  -1.125276e+01  -1.244552e+01
  -1.642270e+00  -1.297004e+01
   6.871066e+00  -7.808963e+00
   6.353295e+00   1.290204e+00
  -6.023938e+00   9.704763e-01
  -1.660719e+01  -3.841481e+00
  -8.410695e+00  -4.790307e-01
  -1.006162e+01  -1.734886e+01
  -1.100984e+01  -7.047771e+00
  -3.921520e+00  -1.973332e+01
   4.153014e+00  -4.686557e+00
   5.435520e+00  -6.156200e+00
   8.041566e+00  -1.844584e+01
  -6.793486e+00  -8.517333e+00
  -1.111671e+01  -8.060845e+00
   5.073659e+00  -1.241111e+01
   4.894181e+00   4.592770e+00
  -5.975741e+00  -1.976104e+01
  -6.972675e+00  -9.041145e+00
  -1.123859e+01  -4.253936e+00
  -2.402098e+00  -3.475932e+00
   9.749473e-01   4.080598e-01
   1.590458e+01  -1.458711e+01
  -2.078579e+01  -2.255888e+01
  -1.185667e+01  -5.594176e+00
  -2.624578e+00  -6.293391e+00
   1.652291e+01  -6.522620e+00
   1.162074e+01  -2.074048e+01
   5.324369e+00  -1.165000e+00
   5.860158e+00   1.306502e+01
  -9.969387e+00  -1.844414e+00
   1.244356e+01  -4.562166e+00
  -8.611757e+00  -1.303829e+01
  -3.932839e+00  -2.468725e+01
  -3.217676e+00  -3.770412e+00
  -1.280599e+01  -6.273043e+00
  -9.834278e-01  -9.663053e+00
   8.543015e+00  -9.027393e+00
  -4.733622e+00   2.177522e+00
   6.966742e+00   4.313203e+00
  -1.151307e+01   8.490077e-01
   4.369406e-01  -1.325551e+01
  -1.244439e+01   5.139119e+00
  -4.035086e+00  -1.443056e+00
   5.864876e+00   1.304308e+00
   3.861328e+00  -1.994769e+01
  -1.274785e+01  -1.145890e+01
  -5.048257e+00  -7.908507e+00
  -8.078764e+00   1.148488e+01
   3.765720e+00  -6.347320e+00
  -6.726743e+00  -2.390902e+00
  -4.901919e+00  -5.072095e+00
  -4.301789e+00  -1.413399e+01
  -1.714759e+01  -1.042823e+01
  -9.231441e+00   1.101510e+01
   1.423200e+01  -6.608096e+00
   7.724064e+00  -8.598422e+00
   1.457568e+01   7.655443e+00
  -1.216114e+01   1.040982e+00
   1.755837e+00   1.060412e+01
  -7.891817e+00  -1.029263e+01
  -4.199368e+00  -5.470614e+00
   6.667580e+00  -3.715858e+00
  -1.934124e+00  -1.554011e+01
  -6.280381e+00  -4.975448e+00
  -2.887037e+00   4.125113e+00
  -2.954477e+00  -1.699264e+01
   1.659556e+00  -4.387320e+00
   6.860484e-01   7.898107e+00
  -1.698172e+01  -3.020185e-01
  -1.021794e+00  -2.711658e+00
  -1.151985e+00   1.846037e+00
  -2.945106e+00  -1.476487e+01
   7.683673e-01  -1.143986e+01
  -4.533277e+00  -6.769773e+00
  -3.714154e+00  -7.559324e+00
  -9.391411e+00  -2.327140e+01
  -3.236688e+00  -1.254977e+01
   5.036792e-01   3.540401e+00
  -1.627979e+01  -7.392653e+00
  -1.310306e+01  -1.319087e+01
  -5.422726e+00  -1.912200e+01
  -1.654747e+01  -1.320834e+01
  -1.174990e+01  -2.931012e+00
  -7.377963e+00  -9.259178e+00
   3.116923e+00   8.690134e+00
  -5.769565e+00  -1.260785e+01
   9.769701e+00  -5.405962e+00
  -4.151189e+00  -9.805540e+00
   2.089045e+00  -3.858964e+00
  -1.582978e+01   4.774570e+00
   1.531233e+01  -6.753631e-01
  -1.355441e+01  -1.387089e+01
  -2.962212e+00  -3.530122e+00
   1.209046e+00  -6.362575e+00
  -7.234422e+00   8.923292e-01
  -1.588991e+01   3.037436e+00
   7.589664e-01  -1.386632e+01
   1.685706e+00  -1.273403e+01
   5.800657e+00   2.520017e+00
   4.850661e+00   9.939264e+00
  -6.420993e+00  -1.234231e+01
   3.060742e-01   2.349582e+00
  -3.976025e+00  -4.289875e+00
   9.302786e-01   4.359424e+00
  -1.915276e+00  -2.529718e+00
  -8.410659e+00  -5.120881e+00
  -4.624861e+00   1.840737e-01
  -1.404425e+00   8.877163e-01
  -5.727626e+00  -2.841125e+00
  -1.140936e+01   3.309485e+00
   1.880422e+01  -1.354092e+01
  -1.234744e+01  -1.642311e+01
  -1.200389e+01  -1.000198e+01
   6.879170e+00  -6.580019e+00
   5.357102e+00   8.411417e+00
  -4.372285e-01  -2.221843e+01
  -8.046494e-01  -1.354770e+01
  -1.434867e+00   1.047265e+00
  -1.331841e+01  -1.614989e+00
  -5.578302e+00   1.468953e+01
  -4.883076e+00   4.748549e+00
  -1.304273e+01   9.138716e+00
  -1.748303e+01   2.629980e-03
  -2.007525e+01  -7.054640e+00
  -1.098556e+01  -1.544923e+01
   3.874270e+00   6.940923e+00
  -6.718868e+00  -7.627113e+00
   6.342588e+00  -2.548543e+01
  -2.699920e+00   2.865942e-01
   8.584287e+00   2.903841e+00
   6.765912e+00   6.675424e+00
  -1.082737e+01  -2.554347e+00
  -1.882934e+01  -3.134555e+00
  -5.968263e+00  -1.012387e+01
   2.126763e+00   3.173574e+00
  -2.132217e+01  -8.083239e+00
  -8.542522e+00  -8.023094e+00
  -7.634424e+00  -2.291410e+00
   3.447471e+00  -4.118698e-01
  -8.161003e+00  -3.454329e-01
   1.410257e+01  -1.315633e+01
  -6.017438e+00  -4.575936e+00
   1.212870e+00  -1.685241e+01
  -1.273513e+01  -1.991299e+01
  -1.854431e+01   2.300588e+00
   6.031536e+00  -6.413430e+00
   3.005904e+00  -3.451464e+00
  -1.065136e+01   4.218893e+00
  -9.940301e+00  -4.728342e+00
  -6.747611e+00  -8.193748e+00
  -3.989170e+00  -5.843376e+00
  -8.113875e+00   1.166498e+01
  -7.764163e+00  -1.430996e+00
   1.681637e+00  -8.991786e+00
   2.245437e+01  -3.797838e+00
  -1.078075e+01  -1.028069e+01
   1.224039e+01  -1.764183e+01
  -3.179748e-01  -1.218641e+01
  -1.757285e+01  -4.691982e+00
   5.925952e+00   8.957781e+00
  -6.143428e-01   8.096849e-01
   7.142786e+00  -1.007518e+01
  -1.357787e+01  -8.648308e+00
   3.916835e+00  -7.944467e-01
  -5.225857e+00   4.358489e-01
  -8.881927e+00  -1.647151e+01
   3.578192e+00  -1.975731e+01
   3.375776e+00  -2.704243e+00
  -2.837548e+01  -9.179244e-01
  -8.617680e-01  -2.648354e+00
   7.137166e+00   6.721221e+00
  -2.179671e+01  -1.558603e+01
  -1.184674e+01  -2.477211e+00
   1.104834e+01   6.037410e+00
  -8.495186e+00  -1.207999e+01
  -1.541320e+00   3.144043e+00
  -7.433332e+00   5.783941e+00
  -4.212646e+00  -4.880633e+00
   1.937027e+01   2.785296e+00
  -3.077397e+01  -1.866298e+00
  -1.992418e+00  -3.172055e-01
  -8.672878e+00   6.313682e+00
   1.940235e+00   1.419740e+00
   2.504400e+00  -1.603040e+01
  -2.253095e-01  -2.140455e+00
  -4.319959e+00  -4.701555e+00
  -2.339795e-01  -1.688849e+01
  -3.498760e+00  -1.655022e+01
  -1.400770e+01   9.006374e-01
   1.399893e+01   7.443627e-01
  -2.247271e+00   1.352588e-01
  -1.466860e+01   7.697223e+00
  -7.381994e+00  -1.227761e+00
   7.056544e+00   1.048109e+01
  -8.842443e+00  -7.230924e-01
   6.146124e+00   3.026591e+00
  -5.530070e+00  -1.758537e+01
  -9.777802e+00   2.258303e+00
   2.732556e+00   9.841355e-01
   9.181824e+00  -4.727858e+00
   1.506916e+01  -2.214828e+00
  -1.382952e+01   5.930096e+00
  -2.822254e+00  -1.847706e+01
  -5.635034e+00  -6.318942e+00
  -8.850730e+00  -8.850034e+00
  -2.007708e+00   9.653917e+00
  -1.616648e+01  -8.614620e+00
   1.268105e+01  -3.822687e+00
  -3.049372e+00   5.008441e+00
  -9.732016e+00  -6.755414e+00
  -2.126902e+01  -1.106004e+00
   4.926043e+00   5.927692e+00
  -5.719413e+00   3.728348e+00
  -4.155095e+00   1.046403e+01
   1.325586e+00   6.120372e-02
  -1.391993e+01   3.100843e-01
   6.217593e+00  -9.366003e+00
  -2.432887e+01  -6.969667e+00
  -1.832359e+01  -4.891327e+00
  -3.952599e-01   1.536253e+01
  -1.257655e+01   4.647975e+00
  -8.922393e+00   9.488882e+00
   4.607218e+00   7.774527e+00
  -1.049482e+01   1.996424e+01
  -1.708787e+00  -7.379468e+00
  -4.731184e+00  -5.084841e+00
   2.157664e+01  -1.203787e+01
  -1.574508e+01  -7.648719e+00
  -1.826360e+01   1.650156e+00
   1.261601e+00   1.921053e+01
   7.386740e-01  -2.079027e+00
  -9.464981e+00  -1.027940e+01
  -5.833357e-01   1.474397e+01
   1.367490e+01   5.038821e+00
   4.347867e+00   1.704623e+01
  -1.020389e+01   1.174319e+01
   4.834977e+00   1.332475e+01
  -9.671249e+00   3.704601e+00
  -5.982240e+00  -1.148145e+01
  -1.627679e+01   4.980507e+00
   3.431616e+00   1.878164e+00
  -6.135780e+00  -7.888969e+00
  -4.241730e+00   3.649247e+00
  -8.044390e-02  -7.620512e+00
   4.578751e+00   4.930360e+00
  -1.919383e+00  -1.336200e+00
  -8.828866e+00   1.565908e+00
  -4.373701e+00   6.800939e+00
  -2.975019e+00  -1.088348e+01
   1.581665e+01  -7.956398e+00
  -1.617162e+01   1.336126e+01
   2.553948e+00   1.256511e+01
   1.219955e+00   5.324869e+00
  -3.813417e+00  -4.623962e+00
  -1.268848e+01  -9.897568e+00
   6.512016e+00  -4.622489e-01
  -7.190670e+00  -4.701496e+00
  -3.175356e+00  -6.957489e-01
  -6.035424e+00   7.905280e+00
  -4.277518e+00   9.448862e-01
  -1.491506e+01   5.064971e+00
  -1.035273e+01  -6.593288e+00
   3.777984e+00   6.943024e-01
  -2.645699e+00   8.882459e+00
  -1.126597e+01  -4.359684e+00
  -5.316746e-02   2.677530e+00
  -1.354487e+00  -8.069180e+00
  -9.737865e+00   7.304255e+00
  -4.936627e+00  -5.620812e+00
   2.540287e+00  -6.023761e+00
  -8.550779e+00  -8.396351e+00
  -9.119266e+00   5.578288e+00
   9.228275e+00  -3.355922e-01
   1.368106e+00  -1.144210e+01
  -8.119162e+00  -2.817846e+00
   4.447448e+00   3.717443e+00
  -7.185437e+00  -9.391697e+00
  -4.242673e+00  -1.671315e+00
   9.570689e-01   5.443481e+00
   5.661540e+00  -6.906896e-01
  -6.028287e+00   2.653748e+00
  -5.246963e+00  -5.843320e+00
  -7.832524e+00  -3.986730e+00
   4.779390e+00  -5.283899e+00
  -6.281250e+00  -1.187521e+01
  -4.897743e+00   1.074016e+01
  -5.404447e+00   1.011527e+01
  -8.415555e+00   1.349524e+01
   2.093965e+00  -1.015760e+01
  -6.494264e+00  -9.546109e+00
   6.126651e+00  -1.463642e+00
  -8.067057e+00  -9.425282e+00
  -2.601623e+00  -3.890077e+00
  -5.499769e+00  -6.193701e+00
   1.228418e+00  -4.453431e+00
   9.269304e+00   1.678143e+01
   1.009676e+01   9.020550e+00
  -5.234408e+00   2.258631e+01
   9.700569e+00   3.990944e+00
   1.345530e+01   6.146455e-02
  -1.116323e+01   4.331703e+00
  -1.752643e+01   2.330580e+00
  -1.735021e+00   5.549904e+00
   4.566893e-03  -2.472109e+01
  -4.580710e+00   1.714549e+00
  -1.089078e+01  -3.949807e+00
  -6.680151e+00  -6.850081e-01
  -7.246520e+00  -2.372945e+00
  -1.194261e+01  -1.228603e+00
  -1.305670e+00  -1.603278e+01
  -2.251629e+01   1.151346e+01
  -1.697370e+01   2.554379e+00
   1.319945e+01  -1.152800e+01
   1.561136e+00  -9.079516e-02
  -2.268375e+01  -2.489195e+00
   1.226120e+00  -9.855371e+00
  -1.369904e+01   1.046821e+00
  -3.373966e+00  -1.791351e+00
  -2.857763e+01  -2.135531e+00
   3.637982e+00  -1.680712e+01
  -4.806654e+00  -1.202191e-01
  -3.947458e+00   9.000525e+00
  -1.094411e+01  -2.616345e+00
  -2.194625e+01   8.298685e+00
  -6.142527e+00  -7.419158e+00
  -5.887047e+00   2.090332e+01
  -1.800378e+01  -1.030805e+01
  -2.537433e+01   9.367597e-02
   6.907883e+00  -6.254463e+00
   1.559306e+01   2.267874e+00
  -4.218036e+00   2.719964e+00
  -6.570668e-01  -6.996579e+00
  -1.457941e+01  -1.691526e+00
  -1.123027e+01  -1.248353e+01
   2.626206e+00   1.066961e+01
   1.483218e+01  -6.681703e+00
  -9.166692e+00  -1.035854e+01
   2.562702e+00   1.062582e+00
  -4.543822e+00   2.377699e+00
  -1.616064e+00   7.335286e+00
  -2.002741e+00  -3.778114e+00
   1.407045e+01  -9.862408e+00
  -1.396624e+01  -1.342269e+01
   6.534306e+00  -8.390691e+00
  -1.302571e+00   3.867481e+00
  -1.146704e-01   3.183609e+00
   1.010178e+01  -1.472974e+01
   5.400783e+00  -1.138004e+01
   7.549013e+00  -1.058868e+01
  -9.931951e+00  -4.376526e+00
  -8.212453e-01   1.493233e+01
  -1.193372e+01   1.463011e+01
   8.210221e+00  -2.990302e+00
  -1.060450e+01  -1.989263e+01
   1.525954e+00  -9.632956e+00
  -8.112499e+00   7.040173e+00
   5.766174e+00   2.803777e+00
   1.195091e+00  -6.228821e-01
   3.645665e+00  -9.522443e+00
  -1.270650e+01   5.283351e+00
   1.300935e+01   1.167908e+01
  -9.729844e+00  -9.892322e+00
   1.304054e+01  -1.821996e+01
  -1.376482e+01   1.917338e+01
   3.589163e+00  -9.227766e+00
  -1.029640e+01  -2.761450e+00
   5.815052e+00  -3.173863e-01
  -4.833840e-01   9.432043e+00
   3.393852e+00   3.543039e+00
  -1.254866e+01   1.132601e+01
   3.805803e+00   1.027315e+00
  -9.004909e+00  -1.400651e+01
   9.864648e+00   9.471301e+00
  -5.758645e+00  -1.125564e+01
   1.463997e-01   9.993060e+00
  -1.170233e+01   3.863394e+00
  -2.261979e+01  -6.489160e+00
  -3.838771e+00  -6.291013e+00
   1.372273e+01   2.977349e-01
   1.116464e+01   1.393434e+01
  -3.190283e-01  -1.096122e+01
  -2.221765e+00   8.783154e+00
  -8.555261e+00  -8.871770e+00
   6.982055e+00   1.621232e+00
  -1.345014e+01  -1.123061e+01
  -3.052603e+00   2.909281e+00
  -6.799331e+00  -6.437492e+00
   8.309643e+00  -5.994828e+00
   4.876287e+00  -1.836836e+00
  -4.196086e+00  -7.022108e+00
  -7.590294e+00   3.450222e+00
  -8.380341e+00   2.401994e+00
   4.134759e+00  -1.156938e+01
  -1.285403e+01   9.101847e+00
   2.457989e+00  -6.670699e+00
  -8.019704e+00   8.171554e+00
   8.172440e+00   1.251980e+01
  -4.785263e+00   1.400432e+01
  -6.056932e+00  -1.204602e+00
  -9.538461e+00  -1.704056e+00
  -3.006115e+00   1.153006e-01
  -1.032025e+01   1.937592e+01
  -2.174212e+00  -5.818346e+00
   7.088260e+00  -4.285811e+00
   1.662261e+01   4.760026e+00
  -4.102405e+00  -1.169033e+01
   1.078479e+01  -6.534226e+00
   2.696114e+00  -2.424335e+01
  -5.376256e-01   3.247527e+00
  -2.642746e+00   2.605713e-01
  -9.242760e+00   1.466633e+00
  -7.115787e+00  -2.262011e+00
   7.660459e+00   1.956318e+01
  -1.444583e+01  -4.964169e+00
  -1.301181e+01  -6.431498e+00
  -8.525429e+00  -3.187483e+00
   9.502112e+00  -2.414366e+00
   9.950421e-01   5.639263e+00
  -1.232323e+01   4.829901e+00
  -8.694137e-01  -1.302304e+01
  -9.107154e+00  -6.583119e+00
   1.480649e+00   1.908157e+00
   1.076601e+01   6.206118e+00
   1.255293e+01  -5.638891e+00
  -1.202750e+01  -2.975934e+00
  -1.510955e+01  -5.155663e+00
  -5.839801e+00   1.257540e+01
  -2.176427e+00  -4.773194e+00
  -1.699662e+00   4.591468e+00
  -1.799409e+01  -3.095543e+00
   3.614562e+00   6.746610e-01
  -7.847028e+00   1.122216e+00
  -9.107732e+00   8.851751e+00
  -3.090644e+00  -1.329538e+01
  -4.076158e+00  -4.412270e+00
  -8.015647e+00   1.667284e+00
  -2.334005e-01  -4.059310e+00
   1.076577e+00  -5.340745e-01
  -4.906373e+00   1.290185e+01
  -1.332899e+01  -4.048940e+00
   2.016906e+00   1.034424e+01
   5.960022e+00  -9.898804e+00
   5.985423e+00   5.819301e+00
  -1.394176e+01  -1.823405e+01
  -4.954667e+00  -1.089863e+01
   5.459190e+00   1.362906e+01
  -1.107212e+01  -2.806201e+00
   2.958899e+00  -8.446203e-01
  -8.770670e+00   9.601462e+00
  -2.228065e+01   1.627267e+00
  -2.163239e+01  -3.290321e+00
   2.866078e-01   1.054302e+01
   4.281204e+00  -5.135592e+00
   2.725801e+00  -5.669147e+00
  -8.055747e+00  -1.037102e+01
  -2.605376e+01   5.444592e+00
   2.290545e+00   2.542993e-01
  -2.714944e+01   1.061822e+01
   1.229998e+01   1.378637e+01
   4.974889e-01  -4.768414e+00
  -1.235844e+01  -2.137713e-01
  -3.431792e+00   5.329885e+00
  -1.792455e+01   9.994343e+00
  -1.615320e+01   8.823031e+00
   3.761421e-01  -5.362024e+00
  -1.163223e+01  -2.002922e+00
   2.192583e+00  -9.793071e+00
   7.915664e+00   7.601090e+00
   3.805794e+00  -6.533971e+00
   4.197162e-01   8.727226e+00
   1.412500e+01   2.524745e+00
   1.132863e+01   6.562191e+00
   1.858808e+00  -1.568501e+00
   1.386766e+01  -9.022686e-01
   9.457831e+00  -5.180176e+00
   6.111969e+00  -1.733681e+01
  -1.077438e+01   1.490865e+01
  -1.592334e+01   6.898875e-01
  -4.508241e+00   5.323953e+00
  -3.175025e+00  -5.275699e+00
   1.023850e+01   1.222739e+00
   9.669896e+00   1.270136e+01
   4.459543e+00  -7.402641e+00
  -7.055505e+00   6.714924e+00
  -1.518057e+01   3.442766e+00
   5.434469e+00  -1.519330e+01
  -1.171903e+01   6.497328e+00
   2.252386e-01   2.980773e+00
   1.380352e+01  -8.367811e+00
  -8.829621e+00   1.330148e+01
  -4.350964e+00  -9.366408e+00
  -4.139931e+00  -4.200111e+00
   1.801672e+01   8.154947e+00
   8.047808e+00   1.415221e+01
   1.639310e+01   1.205495e+01
  -7.573397e+00  -8.714880e+00
  -2.242267e+01   1.324176e+01
  -1.561038e+01  -4.555599e+00
   6.291521e-01  -6.089737e+00
  -6.339781e+00  -1.095961e+01
  -2.907176e+00   1.168337e+00
   1.595434e+01   2.951275e+00
   5.623888e+00  -8.025499e+00
  -4.522415e+00  -7.619876e+00
  -2.760128e+01   1.934461e+01
   6.361960e+00  -4.016816e+00
   2.743020e+00   6.882787e-01
   1.205550e+01  -7.734736e+00
   3.567099e+00   2.447011e+00
  -1.183457e+01  -8.566849e+00
   5.854575e+00  -1.984507e+00
  -6.301038e-01  -1.064451e+01
   1.822677e+01  -1.314521e+01
   8.133443e+00   3.856461e+00
   6.371354e-01  -6.821608e+00
  -3.197679e+00   5.263280e+00
  -4.228250e+00  -3.095726e+00
   2.707223e+00  -9.691572e+00
  -4.226181e+00  -9.325302e-02
  -1.143383e+01   1.138319e+01
   1.406670e-01  -8.520216e+00
  -3.050150e+00   3.280912e+00
  -3.124212e+00   5.053454e+00
   7.093719e+00  -6.480954e+00
   2.188237e+01   4.236076e+00
  -5.437879e+00   1.092882e+01
  -5.289146e+00  -1.327693e+01
   3.049402e+00  -1.111036e+00
  -1.709458e+00   1.395400e+01
  -5.972442e+00   8.821163e+00
  -3.858908e+00   2.540532e-01
  -7.241649e+00  -8.534042e+00
  -3.824260e+00  -1.735018e+01
   8.650258e+00  -3.995561e-01
   5.308734e+00  -1.688750e+01
  -9.364001e+00   6.257398e+00
  -1.032417e+01   6.330744e+00
  -1.332943e+01  -2.294733e+00
  -1.127673e-01  -9.327073e+00
   9.170530e-01  -4.535854e+00
  -8.062335e+00  -6.317821e+00
  -3.280259e+00   9.063725e+00
   6.058042e+00   9.599962e+00
   5.361245e+00   1.224953e+01
  -5.750913e+00   1.819474e+01
  -1.363915e+01  -1.964890e+00
   3.652004e+00   4.631085e+00
  -6.493422e+00   2.862791e+00
   1.158353e+01   1.062754e+01
   2.909528e+00  -5.620086e+00
  -2.984223e+00  -2.214601e+01
   2.614417e-01   2.346337e+00
   8.614672e+00   3.041725e+00
  -7.289159e+00  -2.117926e+01
   3.616288e+00  -1.758329e+00
   4.101048e+00   2.465969e+00
  -2.599311e+00  -8.147353e+00
  -4.034490e+00  -3.194531e+00
   1.627143e+01  -1.036813e+00
   6.243557e+00   3.890284e+00
  -6.055880e-02   1.031401e+00
   1.461506e+01   8.046041e+00
   8.640929e+00   4.522110e+00
  -1.274895e+01  -1.548330e+00
  -2.380526e+00   1.458043e+01
  -2.378574e+00   3.255254e+01
   2.884968e+00   8.381944e+00
   1.348321e+01   4.985337e+00
   2.039663e+00   6.109186e-01
  -1.870168e+01   1.468331e+01
  -1.457793e+01  -7.298532e-01
   4.543633e+00   1.900264e+00
  -2.335888e+00  -4.474049e+00
  -2.624385e+00   1.468351e-01
   3.612271e+00   5.055940e+00
  -1.224738e+01   5.575059e+00
  -5.931560e+00   8.245366e+00
   1.942339e+00   1.547626e+01
  -1.188071e+01   2.921451e+01
  -1.053462e+01  -8.115518e+00
  -8.539044e+00  -1.413802e-01
   3.784831e+00  -8.196901e+00
  -9.831401e-01   4.071487e+00
  -5.624704e+00   3.394418e+00
   1.955692e+01  -1.044273e+01
  -1.342996e+01  -1.182532e+01
   8.854404e+00   4.934698e+00
  -1.322432e+00  -2.220825e+00
  -1.201741e+01  -6.468872e+00
   1.942534e+01   1.273121e+00
   9.305265e+00  -1.090614e+01
  -3.274792e+01  -6.569271e+00
  -4.004179e+00   3.563290e+00
  -6.867225e-01   1.803182e+00
   1.687269e+01   9.592873e+00
   4.275774e+00   1.026499e+01
  -3.479147e+00  -2.586663e+00
   4.145959e+00  -5.369148e+00
  -3.433649e+00   8.958138e+00
   5.511818e-01   7.571381e+00
   8.530802e+00   4.511176e+00
  -9.695445e+00  -1.163505e+01
   6.120272e+00   1.846369e+01
  -5.222383e+00   1.337353e+01
   5.525382e+00   2.573925e+00
  -1.592514e+01   5.648480e+00
  -4.426028e+00   1.294412e+01
   1.647692e+01   5.359502e+00
  -4.961045e+00   2.846292e+00
   1.028771e+01  -1.005589e+01
  -1.233158e+01   1.449451e+01
  -9.790125e+00   8.765749e+00
  -6.359377e-01  -1.010045e+01
  -1.372313e+01   1.419642e+01
   8.754525e+00   4.618790e+00
   1.466235e+01  -5.550117e+00
  -8.179971e+00   1.314493e+01
  -6.966113e+00   4.165979e+00
  -4.306014e+00   1.496971e+01
  -1.447410e+00   9.563644e+00
  -7.406394e+00   2.711078e+01
  -8.659793e+00   2.357435e+01
   4.750825e+00   1.547833e+01
  -1.582156e+00  -2.008261e+01
  -1.635405e+00   7.169787e+00
  -1.945609e+00   1.489979e+00
  -2.156274e+01   1.244066e+00
   1.033610e+01   1.179547e+00
   7.716125e+00   4.686123e+00
  -5.408819e+00  -2.395515e+00
   1.575009e+01  -1.613966e+00
  -8.857014e+00   6.787803e+00
  -4.011065e+00   2.236801e+01
  -1.054414e+01   1.239046e+01
   2.101678e+01   6.220329e-01
   5.673881e-01   2.752258e+00
   3.649805e+00   8.259331e+00
  -6.305114e+00  -8.677251e+00
   9.355522e+00   1.295995e+01
  -1.237491e+01   9.240197e+00
   3.761235e+00   4.840240e+00
  -7.839639e+00  -1.233607e+01
   1.476701e+00   7.379173e+00
  -5.633639e+00   7.024632e+00
   1.779695e+01   1.585932e+01
  -1.071860e+01   8.296194e-01
   9.150964e+00  -2.130943e-01
  -4.417356e+00  -2.584080e+00
  -1.770847e+01  -3.257543e+00
  -7.337341e+00   9.739844e-01
   1.962636e+00  -1.256978e+01
  -6.825671e+00   4.235263e+00
   3.231976e+00   1.882502e+01
  -1.056636e+00  -1.527668e+01
   2.398992e+01   2.945873e+00
  -3.077489e+00   2.029153e+00
   1.658567e+01   1.311584e+01
   2.818164e+00  -1.050071e+00
   3.167212e+00   1.220900e+01
  -1.411382e+00   1.028755e+01
  -1.015895e+00  -1.677434e+01
  -3.932507e+00   1.376185e+01
   5.728700e+00  -9.031827e+00
  -2.703667e+01  -1.730328e+01
  -1.029787e+00   3.478696e+00
   1.187423e+00  -7.239687e-01
  -9.493291e+00  -5.689236e+00
  -3.317161e+00   1.278891e+00
  -4.603732e+00   1.540979e+01
  -5.258060e+00  -3.075500e+01
   1.180703e+01   8.554363e+00
  -1.377142e+01  -1.524676e+01
   4.460757e+00   2.151763e+01
  -8.045847e+00  -1.847369e+01
   9.361638e+00   2.533730e+01
  -2.339967e+01  -2.192685e+01
   3.809606e+01   3.878004e+01
  -4.801570e+01  -4.442551e+01
