 $NMID
 ID='Simulated Data', FMTDAT='(2E15.6)'
 VOLUME=1
 TRAMP=1
 $END
   2.511600E+04   0.000000E+00
   2.511587E+04   0.000000E+00
   2.511550E+04   0.000000E+00
   2.511487E+04   0.000000E+00
   2.511399E+04   0.000000E+00
   2.511286E+04   0.000000E+00
   2.511148E+04   0.000000E+00
   2.510985E+04   0.000000E+00
   2.510796E+04   0.000000E+00
   2.510583E+04   0.000000E+00
   2.510345E+04   0.000000E+00
   2.510081E+04   0.000000E+00
   2.509792E+04   0.000000E+00
   2.509479E+04   0.000000E+00
   2.509140E+04   0.000000E+00
   2.508776E+04   0.000000E+00
   2.508387E+04   0.000000E+00
   2.507973E+04   0.000000E+00
   2.507535E+04   0.000000E+00
   2.507071E+04   0.000000E+00
   2.506582E+04   0.000000E+00
   2.506068E+04   0.000000E+00
   2.505529E+04   0.000000E+00
   2.504966E+04   0.000000E+00
   2.504377E+04   0.000000E+00
   2.503764E+04   0.000000E+00
   2.503125E+04   0.000000E+00
   2.502462E+04   0.000000E+00
   2.501774E+04   0.000000E+00
   2.501061E+04   0.000000E+00
   2.500323E+04   0.000000E+00
   2.499561E+04   0.000000E+00
   2.498773E+04   0.000000E+00
   2.497962E+04   0.000000E+00
   2.497125E+04   0.000000E+00
   2.496263E+04   0.000000E+00
   2.495377E+04   0.000000E+00
   2.494467E+04   0.000000E+00
   2.493532E+04   0.000000E+00
   2.492572E+04   0.000000E+00
   2.491587E+04   0.000000E+00
   2.490578E+04   0.000000E+00
   2.489545E+04   0.000000E+00
   2.488487E+04   0.000000E+00
   2.487405E+04   0.000000E+00
   2.486298E+04   0.000000E+00
   2.485167E+04   0.000000E+00
   2.484012E+04   0.000000E+00
   2.482832E+04   0.000000E+00
   2.481629E+04   0.000000E+00
   2.480400E+04   0.000000E+00
   2.479148E+04   0.000000E+00
   2.477872E+04   0.000000E+00
   2.476571E+04   0.000000E+00
   2.475247E+04   0.000000E+00
   2.473898E+04   0.000000E+00
   2.472525E+04   0.000000E+00
   2.471129E+04   0.000000E+00
   2.469708E+04   0.000000E+00
   2.468264E+04   0.000000E+00
   2.466796E+04   0.000000E+00
   2.465304E+04   0.000000E+00
   2.463788E+04   0.000000E+00
   2.462249E+04   0.000000E+00
   2.460686E+04   0.000000E+00
   2.459099E+04   0.000000E+00
   2.457489E+04   0.000000E+00
   2.455855E+04   0.000000E+00
   2.454198E+04   0.000000E+00
   2.452517E+04   0.000000E+00
   2.450813E+04   0.000000E+00
   2.449086E+04   0.000000E+00
   2.447336E+04   0.000000E+00
   2.445562E+04   0.000000E+00
   2.443765E+04   0.000000E+00
   2.441945E+04   0.000000E+00
   2.440102E+04   0.000000E+00
   2.438236E+04   0.000000E+00
   2.436348E+04   0.000000E+00
   2.434436E+04   0.000000E+00
   2.432501E+04   0.000000E+00
   2.430544E+04   0.000000E+00
   2.428564E+04   0.000000E+00
   2.426561E+04   0.000000E+00
   2.424536E+04   0.000000E+00
   2.422488E+04   0.000000E+00
   2.420417E+04   0.000000E+00
   2.418325E+04   0.000000E+00
   2.416210E+04   0.000000E+00
   2.414072E+04   0.000000E+00
   2.411912E+04   0.000000E+00
   2.409731E+04   0.000000E+00
   2.407527E+04   0.000000E+00
   2.405301E+04   0.000000E+00
   2.403053E+04   0.000000E+00
   2.400783E+04   0.000000E+00
   2.398492E+04   0.000000E+00
   2.396178E+04   0.000000E+00
   2.393843E+04   0.000000E+00
   2.391486E+04   0.000000E+00
   2.389108E+04   0.000000E+00
   2.386708E+04   0.000000E+00
   2.384287E+04   0.000000E+00
   2.381844E+04   0.000000E+00
   2.379380E+04   0.000000E+00
   2.376895E+04   0.000000E+00
   2.374389E+04   0.000000E+00
   2.371861E+04   0.000000E+00
   2.369313E+04   0.000000E+00
   2.366744E+04   0.000000E+00
   2.364153E+04   0.000000E+00
   2.361542E+04   0.000000E+00
   2.358911E+04   0.000000E+00
   2.356259E+04   0.000000E+00
   2.353586E+04   0.000000E+00
   2.350892E+04   0.000000E+00
   2.348179E+04   0.000000E+00
   2.345445E+04   0.000000E+00
   2.342690E+04   0.000000E+00
   2.339916E+04   0.000000E+00
   2.337121E+04   0.000000E+00
   2.334307E+04   0.000000E+00
   2.331472E+04   0.000000E+00
   2.328618E+04   0.000000E+00
   2.325744E+04   0.000000E+00
   2.322850E+04   0.000000E+00
   2.319937E+04   0.000000E+00
   2.317004E+04   0.000000E+00
   2.314052E+04   0.000000E+00
   2.311080E+04   0.000000E+00
   2.308089E+04   0.000000E+00
   2.305079E+04   0.000000E+00
   2.302050E+04   0.000000E+00
   2.299002E+04   0.000000E+00
   2.295935E+04   0.000000E+00
   2.292849E+04   0.000000E+00
   2.289744E+04   0.000000E+00
   2.286621E+04   0.000000E+00
   2.283479E+04   0.000000E+00
   2.280318E+04   0.000000E+00
   2.277139E+04   0.000000E+00
   2.273942E+04   0.000000E+00
   2.270727E+04   0.000000E+00
   2.267493E+04   0.000000E+00
   2.264242E+04   0.000000E+00
   2.260972E+04   0.000000E+00
   2.257685E+04   0.000000E+00
   2.254380E+04   0.000000E+00
   2.251057E+04   0.000000E+00
   2.247717E+04   0.000000E+00
   2.244359E+04   0.000000E+00
   2.240984E+04   0.000000E+00
   2.237591E+04   0.000000E+00
   2.234182E+04   0.000000E+00
   2.230755E+04   0.000000E+00
   2.227311E+04   0.000000E+00
   2.223850E+04   0.000000E+00
   2.220373E+04   0.000000E+00
   2.216878E+04   0.000000E+00
   2.213367E+04   0.000000E+00
   2.209840E+04   0.000000E+00
   2.206296E+04   0.000000E+00
   2.202736E+04   0.000000E+00
   2.199159E+04   0.000000E+00
   2.195566E+04   0.000000E+00
   2.191958E+04   0.000000E+00
   2.188333E+04   0.000000E+00
   2.184692E+04   0.000000E+00
   2.181036E+04   0.000000E+00
   2.177364E+04   0.000000E+00
   2.173677E+04   0.000000E+00
   2.169974E+04   0.000000E+00
   2.166255E+04   0.000000E+00
   2.162522E+04   0.000000E+00
   2.158773E+04   0.000000E+00
   2.155009E+04   0.000000E+00
   2.151230E+04   0.000000E+00
   2.147437E+04   0.000000E+00
   2.143629E+04   0.000000E+00
   2.139806E+04   0.000000E+00
   2.135968E+04   0.000000E+00
   2.132116E+04   0.000000E+00
   2.128250E+04   0.000000E+00
   2.124369E+04   0.000000E+00
   2.120475E+04   0.000000E+00
   2.116566E+04   0.000000E+00
   2.112643E+04   0.000000E+00
   2.108707E+04   0.000000E+00
   2.104757E+04   0.000000E+00
   2.100793E+04   0.000000E+00
   2.096816E+04   0.000000E+00
   2.092825E+04   0.000000E+00
   2.088821E+04   0.000000E+00
   2.084804E+04   0.000000E+00
   2.080774E+04   0.000000E+00
   2.076731E+04   0.000000E+00
   2.072675E+04   0.000000E+00
   2.068606E+04   0.000000E+00
   2.064525E+04   0.000000E+00
   2.060431E+04   0.000000E+00
   2.056324E+04   0.000000E+00
   2.052205E+04   0.000000E+00
   2.048074E+04   0.000000E+00
   2.043931E+04   0.000000E+00
   2.039776E+04   0.000000E+00
   2.035609E+04   0.000000E+00
   2.031430E+04   0.000000E+00
   2.027239E+04   0.000000E+00
   2.023037E+04   0.000000E+00
   2.018824E+04   0.000000E+00
   2.014599E+04   0.000000E+00
   2.010362E+04   0.000000E+00
   2.006115E+04   0.000000E+00
   2.001857E+04   0.000000E+00
   1.997587E+04   0.000000E+00
   1.993307E+04   0.000000E+00
   1.989016E+04   0.000000E+00
   1.984714E+04   0.000000E+00
   1.980402E+04   0.000000E+00
   1.976080E+04   0.000000E+00
   1.971747E+04   0.000000E+00
   1.967404E+04   0.000000E+00
   1.963051E+04   0.000000E+00
   1.958688E+04   0.000000E+00
   1.954315E+04   0.000000E+00
   1.949933E+04   0.000000E+00
   1.945541E+04   0.000000E+00
   1.941139E+04   0.000000E+00
   1.936728E+04   0.000000E+00
   1.932308E+04   0.000000E+00
   1.927878E+04   0.000000E+00
   1.923440E+04   0.000000E+00
   1.918992E+04   0.000000E+00
   1.914535E+04   0.000000E+00
   1.910070E+04   0.000000E+00
   1.905596E+04   0.000000E+00
   1.901114E+04   0.000000E+00
   1.896623E+04   0.000000E+00
   1.892124E+04   0.000000E+00
   1.887617E+04   0.000000E+00
   1.883101E+04   0.000000E+00
   1.878578E+04   0.000000E+00
   1.874047E+04   0.000000E+00
   1.869507E+04   0.000000E+00
   1.864961E+04   0.000000E+00
   1.860406E+04   0.000000E+00
   1.855845E+04   0.000000E+00
   1.851276E+04   0.000000E+00
   1.846700E+04   0.000000E+00
   1.842116E+04   0.000000E+00
   1.837526E+04   0.000000E+00
   1.832929E+04   0.000000E+00
   1.828325E+04   0.000000E+00
   1.823714E+04   0.000000E+00
   1.819097E+04   0.000000E+00
   1.814473E+04   0.000000E+00
   1.809843E+04   0.000000E+00
   1.805207E+04   0.000000E+00
   1.800564E+04   0.000000E+00
   1.795916E+04   0.000000E+00
   1.791261E+04   0.000000E+00
   1.786601E+04   0.000000E+00
   1.781935E+04   0.000000E+00
   1.777264E+04   0.000000E+00
   1.772587E+04   0.000000E+00
   1.767905E+04   0.000000E+00
   1.763217E+04   0.000000E+00
   1.758524E+04   0.000000E+00
   1.753827E+04   0.000000E+00
   1.749124E+04   0.000000E+00
   1.744416E+04   0.000000E+00
   1.739704E+04   0.000000E+00
   1.734987E+04   0.000000E+00
   1.730266E+04   0.000000E+00
   1.725540E+04   0.000000E+00
   1.720810E+04   0.000000E+00
   1.716076E+04   0.000000E+00
   1.711337E+04   0.000000E+00
   1.706595E+04   0.000000E+00
   1.701848E+04   0.000000E+00
   1.697098E+04   0.000000E+00
   1.692345E+04   0.000000E+00
   1.687588E+04   0.000000E+00
   1.682827E+04   0.000000E+00
   1.678063E+04   0.000000E+00
   1.673295E+04   0.000000E+00
   1.668525E+04   0.000000E+00
   1.663752E+04   0.000000E+00
   1.658975E+04   0.000000E+00
   1.654196E+04   0.000000E+00
   1.649414E+04   0.000000E+00
   1.644629E+04   0.000000E+00
   1.639842E+04   0.000000E+00
   1.635053E+04   0.000000E+00
   1.630261E+04   0.000000E+00
   1.625467E+04   0.000000E+00
   1.620671E+04   0.000000E+00
   1.615872E+04   0.000000E+00
   1.611072E+04   0.000000E+00
   1.606270E+04   0.000000E+00
   1.601467E+04   0.000000E+00
   1.596662E+04   0.000000E+00
   1.591855E+04   0.000000E+00
   1.587047E+04   0.000000E+00
   1.582238E+04   0.000000E+00
   1.577427E+04   0.000000E+00
   1.572615E+04   0.000000E+00
   1.567803E+04   0.000000E+00
   1.562989E+04   0.000000E+00
   1.558175E+04   0.000000E+00
   1.553359E+04   0.000000E+00
   1.548544E+04   0.000000E+00
   1.543728E+04   0.000000E+00
   1.538911E+04   0.000000E+00
   1.534094E+04   0.000000E+00
   1.529277E+04   0.000000E+00
   1.524460E+04   0.000000E+00
   1.519642E+04   0.000000E+00
   1.514825E+04   0.000000E+00
   1.510008E+04   0.000000E+00
   1.505191E+04   0.000000E+00
   1.500375E+04   0.000000E+00
   1.495559E+04   0.000000E+00
   1.490744E+04   0.000000E+00
   1.485929E+04   0.000000E+00
   1.481115E+04   0.000000E+00
   1.476302E+04   0.000000E+00
   1.471489E+04   0.000000E+00
   1.466678E+04   0.000000E+00
   1.461868E+04   0.000000E+00
   1.457059E+04   0.000000E+00
   1.452251E+04   0.000000E+00
   1.447445E+04   0.000000E+00
   1.442640E+04   0.000000E+00
   1.437837E+04   0.000000E+00
   1.433036E+04   0.000000E+00
   1.428236E+04   0.000000E+00
   1.423438E+04   0.000000E+00
   1.418642E+04   0.000000E+00
   1.413848E+04   0.000000E+00
   1.409056E+04   0.000000E+00
   1.404266E+04   0.000000E+00
   1.399479E+04   0.000000E+00
   1.394694E+04   0.000000E+00
   1.389911E+04   0.000000E+00
   1.385131E+04   0.000000E+00
   1.380354E+04   0.000000E+00
   1.375579E+04   0.000000E+00
   1.370808E+04   0.000000E+00
   1.366039E+04   0.000000E+00
   1.361273E+04   0.000000E+00
   1.356510E+04   0.000000E+00
   1.351750E+04   0.000000E+00
   1.346993E+04   0.000000E+00
   1.342240E+04   0.000000E+00
   1.337490E+04   0.000000E+00
   1.332744E+04   0.000000E+00
   1.328001E+04   0.000000E+00
   1.323262E+04   0.000000E+00
   1.318527E+04   0.000000E+00
   1.313795E+04   0.000000E+00
   1.309067E+04   0.000000E+00
   1.304344E+04   0.000000E+00
   1.299624E+04   0.000000E+00
   1.294908E+04   0.000000E+00
   1.290197E+04   0.000000E+00
   1.285490E+04   0.000000E+00
   1.280787E+04   0.000000E+00
   1.276089E+04   0.000000E+00
   1.271395E+04   0.000000E+00
   1.266706E+04   0.000000E+00
   1.262022E+04   0.000000E+00
   1.257342E+04   0.000000E+00
   1.252667E+04   0.000000E+00
   1.247997E+04   0.000000E+00
   1.243332E+04   0.000000E+00
   1.238672E+04   0.000000E+00
   1.234017E+04   0.000000E+00
   1.229368E+04   0.000000E+00
   1.224723E+04   0.000000E+00
   1.220084E+04   0.000000E+00
   1.215451E+04   0.000000E+00
   1.210823E+04   0.000000E+00
   1.206200E+04   0.000000E+00
   1.201583E+04   0.000000E+00
   1.196972E+04   0.000000E+00
   1.192367E+04   0.000000E+00
   1.187767E+04   0.000000E+00
   1.183173E+04   0.000000E+00
   1.178586E+04   0.000000E+00
   1.174004E+04   0.000000E+00
   1.169428E+04   0.000000E+00
   1.164859E+04   0.000000E+00
   1.160296E+04   0.000000E+00
   1.155739E+04   0.000000E+00
   1.151189E+04   0.000000E+00
   1.146645E+04   0.000000E+00
   1.142107E+04   0.000000E+00
   1.137576E+04   0.000000E+00
   1.133052E+04   0.000000E+00
   1.128535E+04   0.000000E+00
   1.124024E+04   0.000000E+00
   1.119520E+04   0.000000E+00
   1.115023E+04   0.000000E+00
   1.110533E+04   0.000000E+00
   1.106050E+04   0.000000E+00
   1.101574E+04   0.000000E+00
   1.097105E+04   0.000000E+00
   1.092644E+04   0.000000E+00
   1.088189E+04   0.000000E+00
   1.083742E+04   0.000000E+00
   1.079303E+04   0.000000E+00
   1.074870E+04   0.000000E+00
   1.070446E+04   0.000000E+00
   1.066028E+04   0.000000E+00
   1.061619E+04   0.000000E+00
   1.057217E+04   0.000000E+00
   1.052823E+04   0.000000E+00
   1.048436E+04   0.000000E+00
   1.044058E+04   0.000000E+00
   1.039687E+04   0.000000E+00
   1.035325E+04   0.000000E+00
   1.030970E+04   0.000000E+00
   1.026623E+04   0.000000E+00
   1.022285E+04   0.000000E+00
   1.017954E+04   0.000000E+00
   1.013632E+04   0.000000E+00
   1.009318E+04   0.000000E+00
   1.005013E+04   0.000000E+00
   1.000715E+04   0.000000E+00
   9.964264E+03   0.000000E+00
   9.921460E+03   0.000000E+00
   9.878741E+03   0.000000E+00
   9.836108E+03   0.000000E+00
   9.793561E+03   0.000000E+00
   9.751100E+03   0.000000E+00
   9.708726E+03   0.000000E+00
   9.666440E+03   0.000000E+00
   9.624242E+03   0.000000E+00
   9.582132E+03   0.000000E+00
   9.540111E+03   0.000000E+00
   9.498179E+03   0.000000E+00
   9.456337E+03   0.000000E+00
   9.414585E+03   0.000000E+00
   9.372924E+03   0.000000E+00
   9.331354E+03   0.000000E+00
   9.289875E+03   0.000000E+00
   9.248488E+03   0.000000E+00
   9.207194E+03   0.000000E+00
   9.165992E+03   0.000000E+00
   9.124883E+03   0.000000E+00
   9.083868E+03   0.000000E+00
   9.042947E+03   0.000000E+00
   9.002120E+03   0.000000E+00
   8.961388E+03   0.000000E+00
   8.920751E+03   0.000000E+00
   8.880209E+03   0.000000E+00
   8.839763E+03   0.000000E+00
   8.799414E+03   0.000000E+00
   8.759161E+03   0.000000E+00
   8.719005E+03   0.000000E+00
   8.678946E+03   0.000000E+00
   8.638985E+03   0.000000E+00
   8.599122E+03   0.000000E+00
   8.559357E+03   0.000000E+00
   8.519691E+03   0.000000E+00
   8.480124E+03   0.000000E+00
   8.440657E+03   0.000000E+00
   8.401289E+03   0.000000E+00
   8.362021E+03   0.000000E+00
   8.322853E+03   0.000000E+00
   8.283786E+03   0.000000E+00
   8.244820E+03   0.000000E+00
   8.205955E+03   0.000000E+00
   8.167192E+03   0.000000E+00
   8.128530E+03   0.000000E+00
   8.089971E+03   0.000000E+00
   8.051514E+03   0.000000E+00
   8.013159E+03   0.000000E+00
   7.974908E+03   0.000000E+00
   7.936760E+03   0.000000E+00
   7.898715E+03   0.000000E+00
   7.860774E+03   0.000000E+00
   7.822937E+03   0.000000E+00
   7.785205E+03   0.000000E+00
   7.747577E+03   0.000000E+00
   7.710053E+03   0.000000E+00
   7.672635E+03   0.000000E+00
   7.635322E+03   0.000000E+00
   7.598114E+03   0.000000E+00
   7.561012E+03   0.000000E+00
   7.524016E+03   0.000000E+00
   7.487127E+03   0.000000E+00
   7.450343E+03   0.000000E+00
   7.413666E+03   0.000000E+00
   7.377096E+03   0.000000E+00
   7.340633E+03   0.000000E+00
   7.304277E+03   0.000000E+00
   7.268029E+03   0.000000E+00
   7.231888E+03   0.000000E+00
   7.195854E+03   0.000000E+00
   7.159929E+03   0.000000E+00
   7.124112E+03   0.000000E+00
   7.088403E+03   0.000000E+00
   7.052803E+03   0.000000E+00
   7.017311E+03   0.000000E+00
   6.981928E+03   0.000000E+00
   6.946654E+03   0.000000E+00
   6.911489E+03   0.000000E+00
   6.876433E+03   0.000000E+00
   6.841487E+03   0.000000E+00
   6.806650E+03   0.000000E+00
   6.771923E+03   0.000000E+00
   6.737306E+03   0.000000E+00
   6.702798E+03   0.000000E+00
   6.668401E+03   0.000000E+00
   6.634114E+03   0.000000E+00
   6.599937E+03   0.000000E+00
   6.565870E+03   0.000000E+00
   6.531915E+03   0.000000E+00
   6.498069E+03   0.000000E+00
   6.464335E+03   0.000000E+00
   6.430711E+03   0.000000E+00
   6.397198E+03   0.000000E+00
   6.363796E+03   0.000000E+00
   6.330506E+03   0.000000E+00
   6.297326E+03   0.000000E+00
   6.264258E+03   0.000000E+00
   6.231301E+03   0.000000E+00
   6.198455E+03   0.000000E+00
   6.165721E+03   0.000000E+00
   6.133099E+03   0.000000E+00
   6.100588E+03   0.000000E+00
   6.068188E+03   0.000000E+00
   6.035901E+03   0.000000E+00
   6.003725E+03   0.000000E+00
   5.971661E+03   0.000000E+00
   5.939709E+03   0.000000E+00
   5.907868E+03   0.000000E+00
   5.876140E+03   0.000000E+00
   5.844524E+03   0.000000E+00
   5.813019E+03   0.000000E+00
   5.781627E+03   0.000000E+00
   5.750346E+03   0.000000E+00
   5.719178E+03   0.000000E+00
   5.688122E+03   0.000000E+00
   5.657178E+03   0.000000E+00
   5.626345E+03   0.000000E+00
   5.595625E+03   0.000000E+00
   5.565017E+03   0.000000E+00
   5.534521E+03   0.000000E+00
   5.504138E+03   0.000000E+00
   5.473866E+03   0.000000E+00
   5.443706E+03   0.000000E+00
   5.413658E+03   0.000000E+00
   5.383723E+03   0.000000E+00
   5.353899E+03   0.000000E+00
   5.324187E+03   0.000000E+00
   5.294588E+03   0.000000E+00
   5.265100E+03   0.000000E+00
   5.235724E+03   0.000000E+00
   5.206460E+03   0.000000E+00
   5.177307E+03   0.000000E+00
   5.148267E+03   0.000000E+00
   5.119338E+03   0.000000E+00
   5.090521E+03   0.000000E+00
   5.061815E+03   0.000000E+00
   5.033221E+03   0.000000E+00
   5.004738E+03   0.000000E+00
   4.976367E+03   0.000000E+00
   4.948107E+03   0.000000E+00
   4.919958E+03   0.000000E+00
   4.891921E+03   0.000000E+00
   4.863995E+03   0.000000E+00
   4.836180E+03   0.000000E+00
   4.808476E+03   0.000000E+00
   4.780882E+03   0.000000E+00
   4.753400E+03   0.000000E+00
   4.726028E+03   0.000000E+00
   4.698767E+03   0.000000E+00
   4.671616E+03   0.000000E+00
   4.644576E+03   0.000000E+00
   4.617646E+03   0.000000E+00
   4.590827E+03   0.000000E+00
   4.564117E+03   0.000000E+00
   4.537518E+03   0.000000E+00
   4.511028E+03   0.000000E+00
   4.484648E+03   0.000000E+00
   4.458378E+03   0.000000E+00
   4.432218E+03   0.000000E+00
   4.406167E+03   0.000000E+00
   4.380225E+03   0.000000E+00
   4.354392E+03   0.000000E+00
   4.328669E+03   0.000000E+00
   4.303054E+03   0.000000E+00
   4.277549E+03   0.000000E+00
   4.252152E+03   0.000000E+00
   4.226863E+03   0.000000E+00
   4.201683E+03   0.000000E+00
   4.176611E+03   0.000000E+00
   4.151647E+03   0.000000E+00
   4.126791E+03   0.000000E+00
   4.102043E+03   0.000000E+00
   4.077402E+03   0.000000E+00
   4.052869E+03   0.000000E+00
   4.028444E+03   0.000000E+00
   4.004125E+03   0.000000E+00
   3.979914E+03   0.000000E+00
   3.955809E+03   0.000000E+00
   3.931811E+03   0.000000E+00
   3.907919E+03   0.000000E+00
   3.884134E+03   0.000000E+00
   3.860455E+03   0.000000E+00
   3.836882E+03   0.000000E+00
   3.813415E+03   0.000000E+00
   3.790053E+03   0.000000E+00
   3.766797E+03   0.000000E+00
   3.743646E+03   0.000000E+00
   3.720601E+03   0.000000E+00
   3.697660E+03   0.000000E+00
   3.674823E+03   0.000000E+00
   3.652092E+03   0.000000E+00
   3.629464E+03   0.000000E+00
   3.606941E+03   0.000000E+00
   3.584522E+03   0.000000E+00
   3.562206E+03   0.000000E+00
   3.539994E+03   0.000000E+00
   3.517885E+03   0.000000E+00
   3.495880E+03   0.000000E+00
   3.473977E+03   0.000000E+00
   3.452177E+03   0.000000E+00
   3.430480E+03   0.000000E+00
   3.408884E+03   0.000000E+00
   3.387391E+03   0.000000E+00
   3.366000E+03   0.000000E+00
   3.344710E+03   0.000000E+00
   3.323522E+03   0.000000E+00
   3.302435E+03   0.000000E+00
   3.281449E+03   0.000000E+00
   3.260564E+03   0.000000E+00
   3.239779E+03   0.000000E+00
   3.219094E+03   0.000000E+00
   3.198510E+03   0.000000E+00
   3.178026E+03   0.000000E+00
   3.157641E+03   0.000000E+00
   3.137355E+03   0.000000E+00
   3.117169E+03   0.000000E+00
   3.097081E+03   0.000000E+00
   3.077092E+03   0.000000E+00
   3.057202E+03   0.000000E+00
   3.037410E+03   0.000000E+00
   3.017716E+03   0.000000E+00
   2.998119E+03   0.000000E+00
   2.978620E+03   0.000000E+00
   2.959218E+03   0.000000E+00
   2.939913E+03   0.000000E+00
   2.920705E+03   0.000000E+00
   2.901594E+03   0.000000E+00
   2.882578E+03   0.000000E+00
   2.863659E+03   0.000000E+00
   2.844835E+03   0.000000E+00
   2.826107E+03   0.000000E+00
   2.807474E+03   0.000000E+00
   2.788936E+03   0.000000E+00
   2.770492E+03   0.000000E+00
   2.752144E+03   0.000000E+00
   2.733889E+03   0.000000E+00
   2.715728E+03   0.000000E+00
   2.697661E+03   0.000000E+00
   2.679687E+03   0.000000E+00
   2.661807E+03   0.000000E+00
   2.644019E+03   0.000000E+00
   2.626324E+03   0.000000E+00
   2.608721E+03   0.000000E+00
   2.591210E+03   0.000000E+00
   2.573791E+03   0.000000E+00
   2.556464E+03   0.000000E+00
   2.539228E+03   0.000000E+00
   2.522083E+03   0.000000E+00
   2.505028E+03   0.000000E+00
   2.488064E+03   0.000000E+00
   2.471191E+03   0.000000E+00
   2.454407E+03   0.000000E+00
   2.437712E+03   0.000000E+00
   2.421108E+03   0.000000E+00
   2.404592E+03   0.000000E+00
   2.388165E+03   0.000000E+00
   2.371826E+03   0.000000E+00
   2.355576E+03   0.000000E+00
   2.339413E+03   0.000000E+00
   2.323338E+03   0.000000E+00
   2.307351E+03   0.000000E+00
   2.291451E+03   0.000000E+00
   2.275637E+03   0.000000E+00
   2.259910E+03   0.000000E+00
   2.244270E+03   0.000000E+00
   2.228715E+03   0.000000E+00
   2.213246E+03   0.000000E+00
   2.197862E+03   0.000000E+00
   2.182563E+03   0.000000E+00
   2.167350E+03   0.000000E+00
   2.152220E+03   0.000000E+00
   2.137175E+03   0.000000E+00
   2.122214E+03   0.000000E+00
   2.107337E+03   0.000000E+00
   2.092543E+03   0.000000E+00
   2.077832E+03   0.000000E+00
   2.063204E+03   0.000000E+00
   2.048658E+03   0.000000E+00
   2.034195E+03   0.000000E+00
   2.019813E+03   0.000000E+00
   2.005513E+03   0.000000E+00
   1.991295E+03   0.000000E+00
   1.977157E+03   0.000000E+00
   1.963100E+03   0.000000E+00
   1.949124E+03   0.000000E+00
   1.935228E+03   0.000000E+00
   1.921412E+03   0.000000E+00
   1.907675E+03   0.000000E+00
   1.894017E+03   0.000000E+00
   1.880439E+03   0.000000E+00
   1.866939E+03   0.000000E+00
   1.853517E+03   0.000000E+00
   1.840174E+03   0.000000E+00
   1.826908E+03   0.000000E+00
   1.813720E+03   0.000000E+00
   1.800609E+03   0.000000E+00
   1.787575E+03   0.000000E+00
   1.774618E+03   0.000000E+00
   1.761737E+03   0.000000E+00
   1.748932E+03   0.000000E+00
   1.736202E+03   0.000000E+00
   1.723548E+03   0.000000E+00
   1.710969E+03   0.000000E+00
   1.698465E+03   0.000000E+00
   1.686036E+03   0.000000E+00
   1.673680E+03   0.000000E+00
   1.661399E+03   0.000000E+00
   1.649191E+03   0.000000E+00
   1.637057E+03   0.000000E+00
   1.624996E+03   0.000000E+00
   1.613007E+03   0.000000E+00
   1.601091E+03   0.000000E+00
   1.589247E+03   0.000000E+00
   1.577474E+03   0.000000E+00
   1.565774E+03   0.000000E+00
   1.554144E+03   0.000000E+00
   1.542586E+03   0.000000E+00
   1.531098E+03   0.000000E+00
   1.519680E+03   0.000000E+00
   1.508333E+03   0.000000E+00
   1.497055E+03   0.000000E+00
   1.485847E+03   0.000000E+00
   1.474708E+03   0.000000E+00
   1.463638E+03   0.000000E+00
   1.452636E+03   0.000000E+00
   1.441703E+03   0.000000E+00
   1.430838E+03   0.000000E+00
   1.420040E+03   0.000000E+00
   1.409310E+03   0.000000E+00
   1.398647E+03   0.000000E+00
   1.388050E+03   0.000000E+00
   1.377520E+03   0.000000E+00
   1.367057E+03   0.000000E+00
   1.356659E+03   0.000000E+00
   1.346327E+03   0.000000E+00
   1.336060E+03   0.000000E+00
   1.325858E+03   0.000000E+00
   1.315721E+03   0.000000E+00
   1.305649E+03   0.000000E+00
   1.295640E+03   0.000000E+00
   1.285696E+03   0.000000E+00
   1.275815E+03   0.000000E+00
   1.265997E+03   0.000000E+00
   1.256242E+03   0.000000E+00
   1.246550E+03   0.000000E+00
   1.236921E+03   0.000000E+00
   1.227353E+03   0.000000E+00
   1.217848E+03   0.000000E+00
   1.208404E+03   0.000000E+00
   1.199021E+03   0.000000E+00
   1.189699E+03   0.000000E+00
   1.180437E+03   0.000000E+00
   1.171237E+03   0.000000E+00
   1.162096E+03   0.000000E+00
   1.153015E+03   0.000000E+00
   1.143993E+03   0.000000E+00
   1.135031E+03   0.000000E+00
   1.126128E+03   0.000000E+00
   1.117283E+03   0.000000E+00
   1.108497E+03   0.000000E+00
   1.099769E+03   0.000000E+00
   1.091099E+03   0.000000E+00
   1.082486E+03   0.000000E+00
   1.073930E+03   0.000000E+00
   1.065432E+03   0.000000E+00
   1.056990E+03   0.000000E+00
   1.048604E+03   0.000000E+00
   1.040275E+03   0.000000E+00
   1.032001E+03   0.000000E+00
   1.023784E+03   0.000000E+00
   1.015621E+03   0.000000E+00
   1.007513E+03   0.000000E+00
   9.994602E+02   0.000000E+00
   9.914618E+02   0.000000E+00
   9.835174E+02   0.000000E+00
   9.756270E+02   0.000000E+00
   9.677902E+02   0.000000E+00
   9.600068E+02   0.000000E+00
   9.522764E+02   0.000000E+00
   9.445989E+02   0.000000E+00
   9.369738E+02   0.000000E+00
   9.294011E+02   0.000000E+00
   9.218803E+02   0.000000E+00
   9.144112E+02   0.000000E+00
   9.069936E+02   0.000000E+00
   8.996271E+02   0.000000E+00
   8.923116E+02   0.000000E+00
   8.850467E+02   0.000000E+00
   8.778321E+02   0.000000E+00
   8.706677E+02   0.000000E+00
   8.635531E+02   0.000000E+00
   8.564881E+02   0.000000E+00
   8.494723E+02   0.000000E+00
   8.425057E+02   0.000000E+00
   8.355878E+02   0.000000E+00
   8.287184E+02   0.000000E+00
   8.218972E+02   0.000000E+00
   8.151241E+02   0.000000E+00
   8.083987E+02   0.000000E+00
   8.017208E+02   0.000000E+00
   7.950900E+02   0.000000E+00
   7.885063E+02   0.000000E+00
   7.819692E+02   0.000000E+00
   7.754786E+02   0.000000E+00
   7.690341E+02   0.000000E+00
   7.626356E+02   0.000000E+00
   7.562828E+02   0.000000E+00
   7.499754E+02   0.000000E+00
   7.437131E+02   0.000000E+00
   7.374958E+02   0.000000E+00
   7.313231E+02   0.000000E+00
   7.251948E+02   0.000000E+00
   7.191107E+02   0.000000E+00
   7.130706E+02   0.000000E+00
   7.070740E+02   0.000000E+00
   7.011209E+02   0.000000E+00
   6.952110E+02   0.000000E+00
   6.893440E+02   0.000000E+00
   6.835196E+02   0.000000E+00
   6.777377E+02   0.000000E+00
   6.719980E+02   0.000000E+00
   6.663002E+02   0.000000E+00
   6.606442E+02   0.000000E+00
   6.550296E+02   0.000000E+00
   6.494562E+02   0.000000E+00
   6.439238E+02   0.000000E+00
   6.384321E+02   0.000000E+00
   6.329810E+02   0.000000E+00
   6.275701E+02   0.000000E+00
   6.221992E+02   0.000000E+00
   6.168682E+02   0.000000E+00
   6.115767E+02   0.000000E+00
   6.063245E+02   0.000000E+00
   6.011115E+02   0.000000E+00
   5.959372E+02   0.000000E+00
   5.908017E+02   0.000000E+00
   5.857045E+02   0.000000E+00
   5.806455E+02   0.000000E+00
   5.756244E+02   0.000000E+00
   5.706410E+02   0.000000E+00
   5.656952E+02   0.000000E+00
   5.607866E+02   0.000000E+00
   5.559150E+02   0.000000E+00
   5.510802E+02   0.000000E+00
   5.462820E+02   0.000000E+00
   5.415202E+02   0.000000E+00
   5.367945E+02   0.000000E+00
   5.321048E+02   0.000000E+00
   5.274507E+02   0.000000E+00
   5.228321E+02   0.000000E+00
   5.182488E+02   0.000000E+00
   5.137005E+02   0.000000E+00
   5.091870E+02   0.000000E+00
   5.047082E+02   0.000000E+00
   5.002637E+02   0.000000E+00
   4.958534E+02   0.000000E+00
   4.914771E+02   0.000000E+00
   4.871346E+02   0.000000E+00
   4.828255E+02   0.000000E+00
   4.785498E+02   0.000000E+00
   4.743073E+02   0.000000E+00
   4.700976E+02   0.000000E+00
   4.659207E+02   0.000000E+00
   4.617762E+02   0.000000E+00
   4.576640E+02   0.000000E+00
   4.535840E+02   0.000000E+00
   4.495357E+02   0.000000E+00
   4.455192E+02   0.000000E+00
   4.415342E+02   0.000000E+00
   4.375804E+02   0.000000E+00
   4.336576E+02   0.000000E+00
   4.297658E+02   0.000000E+00
   4.259046E+02   0.000000E+00
   4.220739E+02   0.000000E+00
   4.182734E+02   0.000000E+00
   4.145031E+02   0.000000E+00
   4.107626E+02   0.000000E+00
   4.070518E+02   0.000000E+00
   4.033705E+02   0.000000E+00
   3.997184E+02   0.000000E+00
   3.960955E+02   0.000000E+00
   3.925015E+02   0.000000E+00
   3.889362E+02   0.000000E+00
   3.853995E+02   0.000000E+00
   3.818911E+02   0.000000E+00
   3.784108E+02   0.000000E+00
   3.749585E+02   0.000000E+00
   3.715340E+02   0.000000E+00
   3.681371E+02   0.000000E+00
   3.647676E+02   0.000000E+00
   3.614253E+02   0.000000E+00
   3.581101E+02   0.000000E+00
   3.548217E+02   0.000000E+00
   3.515600E+02   0.000000E+00
   3.483248E+02   0.000000E+00
   3.451159E+02   0.000000E+00
   3.419332E+02   0.000000E+00
   3.387764E+02   0.000000E+00
   3.356454E+02   0.000000E+00
   3.325401E+02   0.000000E+00
   3.294601E+02   0.000000E+00
   3.264055E+02   0.000000E+00
   3.233759E+02   0.000000E+00
   3.203712E+02   0.000000E+00
   3.173913E+02   0.000000E+00
   3.144359E+02   0.000000E+00
   3.115050E+02   0.000000E+00
   3.085983E+02   0.000000E+00
   3.057156E+02   0.000000E+00
   3.028569E+02   0.000000E+00
   3.000219E+02   0.000000E+00
   2.972104E+02   0.000000E+00
   2.944224E+02   0.000000E+00
   2.916576E+02   0.000000E+00
   2.889158E+02   0.000000E+00
   2.861970E+02   0.000000E+00
   2.835009E+02   0.000000E+00
   2.808274E+02   0.000000E+00
   2.781764E+02   0.000000E+00
   2.755476E+02   0.000000E+00
   2.729409E+02   0.000000E+00
   2.703562E+02   0.000000E+00
   2.677933E+02   0.000000E+00
   2.652520E+02   0.000000E+00
   2.627322E+02   0.000000E+00
   2.602338E+02   0.000000E+00
   2.577565E+02   0.000000E+00
   2.553003E+02   0.000000E+00
   2.528649E+02   0.000000E+00
   2.504503E+02   0.000000E+00
   2.480562E+02   0.000000E+00
   2.456826E+02   0.000000E+00
   2.433292E+02   0.000000E+00
   2.409960E+02   0.000000E+00
   2.386828E+02   0.000000E+00
   2.363894E+02   0.000000E+00
   2.341157E+02   0.000000E+00
   2.318615E+02   0.000000E+00
   2.296268E+02   0.000000E+00
   2.274113E+02   0.000000E+00
   2.252150E+02   0.000000E+00
   2.230376E+02   0.000000E+00
   2.208791E+02   0.000000E+00
   2.187392E+02   0.000000E+00
   2.166180E+02   0.000000E+00
   2.145152E+02   0.000000E+00
   2.124306E+02   0.000000E+00
   2.103642E+02   0.000000E+00
   2.083158E+02   0.000000E+00
   2.062853E+02   0.000000E+00
   2.042726E+02   0.000000E+00
   2.022775E+02   0.000000E+00
   2.002998E+02   0.000000E+00
   1.983395E+02   0.000000E+00
   1.963965E+02   0.000000E+00
   1.944705E+02   0.000000E+00
   1.925615E+02   0.000000E+00
   1.906693E+02   0.000000E+00
   1.887938E+02   0.000000E+00
   1.869349E+02   0.000000E+00
   1.850924E+02   0.000000E+00
   1.832663E+02   0.000000E+00
   1.814564E+02   0.000000E+00
   1.796626E+02   0.000000E+00
   1.778847E+02   0.000000E+00
   1.761226E+02   0.000000E+00
   1.743763E+02   0.000000E+00
   1.726455E+02   0.000000E+00
   1.709302E+02   0.000000E+00
   1.692303E+02   0.000000E+00
   1.675456E+02   0.000000E+00
   1.658760E+02   0.000000E+00
   1.642214E+02   0.000000E+00
   1.625817E+02   0.000000E+00
   1.609567E+02   0.000000E+00
   1.593464E+02   0.000000E+00
   1.577506E+02   0.000000E+00
   1.561693E+02   0.000000E+00
   1.546022E+02   0.000000E+00
   1.530493E+02   0.000000E+00
   1.515106E+02   0.000000E+00
   1.499858E+02   0.000000E+00
   1.484748E+02   0.000000E+00
   1.469776E+02   0.000000E+00
   1.454941E+02   0.000000E+00
   1.440241E+02   0.000000E+00
   1.425675E+02   0.000000E+00
   1.411242E+02   0.000000E+00
   1.396941E+02   0.000000E+00
   1.382772E+02   0.000000E+00
   1.368733E+02   0.000000E+00
   1.354822E+02   0.000000E+00
   1.341040E+02   0.000000E+00
