 $SEQPAR
 echot= 30.00
 seq= 'PRESS'
 hzpppm= 6.3684e+01
 $END
 $NMID
 id='763530 ', fmtdat='(2E15.6)'
 volume=3.375e+00
 tramp=2.439e+02
 $END
   1.023228e+03   5.996603e+02
   3.793471e+02   6.628778e+02
   2.018340e+02   3.905980e+02
   2.670420e+02   2.475073e+02
   3.960258e+02   3.299664e+02
   2.555351e+02   3.361747e+02
   2.471582e+02   2.079120e+02
   3.106335e+02   1.415442e+02
   4.007249e+02   1.934420e+02
   3.330316e+02   2.580797e+02
   3.023256e+02   2.682013e+02
   3.293027e+02   2.704619e+02
   3.759487e+02   3.653602e+02
   2.866297e+02   4.538328e+02
   1.943718e+02   4.279987e+02
   1.565441e+02   3.189083e+02
   2.603278e+02   2.660467e+02
   3.310031e+02   3.057702e+02
   3.609743e+02   3.582523e+02
   3.217196e+02   3.823012e+02
   2.880789e+02   3.635826e+02
   2.714533e+02   3.579617e+02
   2.704634e+02   3.567311e+02
   2.130547e+02   3.549752e+02
   1.608094e+02   3.597489e+02
   1.299229e+02   3.047097e+02
   1.367426e+02   2.284112e+02
   1.734106e+02   2.262289e+02
   2.007812e+02   2.558841e+02
   1.817556e+02   2.852215e+02
   1.882935e+02   2.893967e+02
   1.993372e+02   3.227513e+02
   1.534093e+02   3.831820e+02
   7.403108e+01   3.730275e+02
   4.916038e+01   3.258488e+02
   5.205526e+01   2.800374e+02
   8.231115e+01   2.710464e+02
   5.283419e+01   2.483882e+02
   5.767100e+01   2.279846e+02
   9.438593e+01   2.079871e+02
   1.350311e+02   2.456865e+02
   1.160871e+02   3.065848e+02
   5.783012e+01   3.221310e+02
   2.606111e+01   3.024933e+02
   1.126819e+01   2.937551e+02
  -1.825976e+00   2.856451e+02
  -2.306539e+01   2.597465e+02
  -3.945154e+01   2.091425e+02
   4.037121e+00   1.831964e+02
   3.156681e+01   1.729401e+02
   4.637457e+01   1.903543e+02
   6.595777e+01   2.083063e+02
   4.702900e+01   2.300732e+02
   2.919133e+01   2.289136e+02
  -1.813847e+00   2.426920e+02
  -3.814037e+01   2.244515e+02
  -6.763886e+01   1.794919e+02
  -7.575441e+01   1.604959e+02
  -5.646371e+01   1.348448e+02
  -3.306544e+01   1.352471e+02
  -2.881098e+01   1.509973e+02
  -2.899422e+01   1.438347e+02
  -9.517941e+00   1.650397e+02
  -2.055862e+01   1.794577e+02
  -3.806875e+01   2.013187e+02
  -6.899461e+01   1.844700e+02
  -8.024751e+01   1.620423e+02
  -8.295385e+01   1.313177e+02
  -7.739674e+01   9.895157e+01
  -5.539065e+01   9.353921e+01
  -4.555697e+01   1.000654e+02
  -2.943042e+01   1.091470e+02
  -2.103833e+01   1.190193e+02
  -4.328411e+01   1.377873e+02
  -5.025702e+01   1.271978e+02
  -7.809631e+01   1.234245e+02
  -8.811990e+01   1.200028e+02
  -9.610206e+01   9.970757e+01
  -9.448553e+01   7.191113e+01
  -8.483180e+01   6.176821e+01
  -4.791413e+01   5.608600e+01
  -4.530827e+01   7.360175e+01
  -2.603243e+01   8.014774e+01
  -3.407650e+01   1.122859e+02
  -4.866514e+01   1.058044e+02
  -7.566356e+01   1.012534e+02
  -7.998650e+01   1.095861e+02
  -1.092337e+02   7.188187e+01
  -1.014984e+02   5.117054e+01
  -8.835448e+01   3.698284e+01
  -6.414778e+01   3.602055e+01
  -5.850362e+01   3.828648e+01
  -4.586509e+01   3.240446e+01
  -4.227954e+01   6.281471e+01
  -2.950935e+01   7.113524e+01
  -4.679299e+01   9.355467e+01
  -7.018303e+01   6.896063e+01
  -8.278753e+01   6.425426e+01
  -8.113766e+01   3.995984e+01
  -7.916782e+01   2.678397e+01
  -7.307980e+01   2.655306e+01
  -5.956417e+01   2.567489e+01
  -4.502689e+01   1.249695e+01
  -3.477259e+01   2.999153e+01
  -4.334169e+01   3.533698e+01
  -5.397293e+01   6.135004e+01
  -6.544492e+01   4.906619e+01
  -6.534676e+01   3.995955e+01
  -6.462504e+01   3.141862e+01
  -6.927701e+01   3.127213e+01
  -6.934306e+01   1.669742e+01
  -6.580830e+01  -5.125083e+00
  -4.534636e+01  -2.535758e+00
  -3.747327e+01   1.522477e+01
  -3.819259e+01   3.463110e+01
  -5.469373e+01   2.364106e+01
  -4.531171e+01   1.986477e+01
  -5.827943e+01   2.362143e+01
  -5.874143e+01   1.536147e+01
  -5.980930e+01   1.585905e+01
  -6.765901e+01   2.590564e+00
  -5.526794e+01  -2.233822e+00
  -3.975376e+01  -4.217915e+00
  -4.089666e+01   1.114516e+01
  -3.974391e+01   1.851106e+01
  -5.145837e+01   4.526723e+00
  -5.336791e+01   1.546503e+01
  -4.306442e+01   2.177949e+01
  -6.153777e+01   2.032160e+01
  -6.875437e+01   1.041928e+01
  -5.492830e+01  -1.169827e+01
  -5.590772e+01  -6.663218e+00
  -3.942205e+01  -8.743211e+00
  -3.311789e+01  -1.025851e+01
  -3.086851e+01  -7.469779e+00
  -3.575987e+01  -3.233627e+00
  -2.456910e+01   3.475464e+00
  -3.844838e+01   1.177007e+01
  -4.317199e+01   9.318084e+00
  -5.315534e+01   3.651911e+00
  -5.411611e+01  -3.246824e+00
  -5.566008e+01  -1.242964e+01
  -4.364329e+01  -3.913543e+00
  -4.421960e+01  -1.587945e+01
  -2.962979e+01  -2.097035e+01
  -2.811555e+01  -1.891075e+01
  -3.068681e+01   5.749643e+00
  -4.410612e+01   1.896894e+01
  -4.251361e+01   7.811738e+00
  -4.184545e+01  -1.071369e+00
  -3.822348e+01  -9.416956e-02
  -3.927979e+01  -9.133719e-01
  -3.306880e+01  -8.541890e+00
  -4.283890e+01  -1.908708e+01
  -2.845684e+01  -1.306925e+01
  -2.529818e+01  -1.882826e+01
  -2.847228e+01  -2.052932e+01
  -2.997748e+01  -9.067211e+00
  -3.417038e+01  -1.105872e+01
  -4.095109e+01  -6.335431e+00
  -3.197602e+01  -5.127100e+00
  -3.165676e+01  -4.764864e+00
  -3.496956e+01  -1.495367e+01
  -3.923678e+01  -6.911414e+00
  -3.717792e+01  -1.721111e+01
  -3.347255e+01  -8.641632e+00
  -2.290950e+01  -1.650800e+01
  -2.620524e+01  -4.922164e+00
  -2.367912e+01  -1.285689e+01
  -2.465453e+01  -8.326210e+00
  -2.559068e+01  -1.580776e+01
  -3.808426e+01  -7.475604e+00
  -3.221914e+01  -2.406603e+01
  -2.861257e+01  -2.103367e+01
  -3.321544e+01  -1.400969e+01
  -2.204246e+01  -1.035958e+01
  -1.504893e+01  -1.185596e+01
  -2.921290e+01  -1.700702e+01
  -1.951624e+01  -1.822299e+01
  -2.926505e+01  -1.689358e+01
  -2.129701e+01  -9.855078e+00
  -3.048421e+01  -1.199792e+01
  -2.011381e+01  -1.380463e+01
  -3.368922e+01  -1.754660e+01
  -2.614836e+01  -1.316302e+01
  -2.284849e+01  -1.488589e+01
  -1.094307e+01  -1.580963e+01
  -1.220141e+01  -1.014320e+01
  -2.007236e+01  -4.665992e+00
  -2.214746e+01  -2.266543e+01
  -2.040566e+01  -1.442612e+01
  -2.211321e+01  -1.804768e+01
  -2.476897e+01  -1.844325e+01
  -2.030826e+01  -1.065843e+01
  -2.291421e+01  -1.730133e+01
  -1.002799e+01  -1.802793e+01
  -1.606229e+01  -2.840369e+01
  -2.065863e+01  -2.025258e+01
  -2.357003e+01  -1.885817e+01
  -3.211855e+01  -2.758899e+01
  -1.063436e+01  -1.901201e+01
  -1.539267e+01  -1.968527e+01
  -3.001486e+01  -1.660140e+01
  -2.793248e+01  -2.061549e+01
  -1.472303e+01  -1.605644e+01
  -1.463263e+01  -1.591788e+01
  -1.681364e+01  -1.575885e+01
  -1.796747e+01  -7.838062e+00
  -7.584994e+00  -1.747908e+01
  -1.032102e+01  -2.270193e+01
  -9.767107e+00  -1.294410e+01
  -1.804835e+01  -1.298174e+01
  -1.413098e+01  -1.907873e+01
  -1.819702e+01  -2.252742e+01
  -1.233522e+01  -1.359825e+01
  -1.699405e+01  -1.218823e+01
  -1.927471e+01  -1.537045e+01
  -2.163583e+01  -1.675602e+01
  -1.715663e+01  -2.893186e+01
  -1.501531e-01  -8.373591e+00
  -1.714639e+01  -1.035331e+01
  -5.637363e+00  -1.609888e+01
  -1.057501e+01  -1.473085e+01
  -1.733007e+01  -1.850046e+01
  -1.238157e+01  -2.437593e+01
  -7.901833e+00  -8.043633e+00
  -1.652509e+01  -2.444809e+01
  -9.552049e+00  -1.414257e+01
  -7.866224e+00  -4.218617e+00
  -1.689948e+01  -1.664922e+01
  -1.834512e+01  -2.164176e+01
  -8.127095e+00  -1.414110e+01
   2.707616e+00  -1.996925e+01
  -1.822638e+01  -1.772208e+01
  -4.869988e+00  -1.680999e+01
  -1.592940e+01  -1.564070e+01
  -1.085677e+01  -1.962960e+01
  -1.100640e+01  -2.417676e+01
  -9.580041e+00  -1.802495e+01
  -5.088768e+00  -2.121263e+01
  -1.086158e+01  -1.707182e+01
  -7.902637e+00  -2.512366e+01
  -1.826670e+01  -2.535380e+01
  -1.355265e+01  -2.617862e+01
  -6.736848e+00  -1.493972e+01
  -1.084253e+01  -1.767470e+01
   1.693239e+00  -1.240305e+01
  -3.756548e+00  -2.344267e+01
  -6.621408e+00  -1.185573e+01
  -2.300667e+00  -1.536217e+01
  -8.199389e+00  -2.213252e+01
  -8.340226e+00  -1.492946e+01
  -1.009505e+01  -1.577374e+01
  -1.221398e+01  -1.244498e+01
   7.539731e-01  -2.070034e+01
  -9.190585e+00  -2.471331e+01
  -5.680650e+00  -2.494294e+01
  -8.027368e+00  -1.524588e+01
  -3.458771e+00  -2.279183e+01
  -6.251914e+00  -1.916557e+01
  -5.049324e+00  -2.224560e+01
  -1.399245e+01  -1.524542e+01
  -8.510259e+00  -1.804919e+01
   1.016130e+01  -2.259173e+01
  -8.189981e+00  -1.370728e+01
  -3.413200e+00  -1.093589e+01
  -1.028537e+01  -2.007197e+01
   1.920499e+00  -1.861752e+01
  -6.904443e+00  -1.265103e+01
  -1.066119e+00  -1.636093e+01
  -2.498348e-01  -2.234228e+01
  -8.862167e+00  -2.912044e+01
  -6.042759e+00  -1.448069e+01
  -1.117791e+01  -1.691093e+01
  -6.815068e+00  -1.138479e+01
  -8.197638e+00  -1.129475e+01
  -2.636233e+00  -2.819559e+01
  -9.818846e+00  -2.168727e+01
  -1.829209e+00  -1.384956e+01
  -1.198305e+01  -1.471609e+01
  -2.397867e+00  -1.821331e+01
  -4.397230e+00  -2.216023e+01
   8.364553e+00  -1.436494e+01
  -3.090501e+00  -9.435404e+00
  -5.313572e+00  -1.282466e+01
  -1.104428e+00  -7.226941e+00
  -1.420751e-02  -1.255202e+01
   4.531889e+00  -1.987566e+01
  -1.989954e+00  -2.082644e+01
  -2.569405e+00  -1.740801e+01
  -1.965729e+00  -5.563085e+00
  -4.043264e-01  -1.338947e+01
   3.617445e+00  -1.348100e+01
  -9.847615e+00  -8.627076e+00
  -6.529414e+00  -3.126183e+01
  -5.011962e+00  -1.895937e+01
   4.910371e+00  -9.482088e+00
   3.757577e+00  -2.122813e+01
   4.653298e+00  -1.320116e+01
   3.126084e+00  -1.042518e+01
   3.510032e+00  -1.088049e+01
  -3.201996e+00  -1.043960e+01
  -3.382781e+00  -6.635968e+00
   5.112934e+00  -1.568846e+01
   2.623305e-01  -1.183575e+01
   3.309763e+00  -2.711968e+01
  -3.847627e+00  -1.500382e+01
   3.455459e+00  -7.678967e+00
  -1.154461e+00  -1.104874e+01
   3.878829e+00  -6.629163e+00
   1.114896e+01  -2.627983e+01
   1.618955e-01  -4.921106e+00
   5.886630e+00  -3.178640e+00
  -1.459244e+01  -9.956224e+00
  -3.142652e+00  -2.071021e+01
  -5.577237e+00  -5.457219e+00
  -6.240092e-01  -1.468860e+01
  -9.710093e+00  -1.221645e+01
   2.780007e+00  -1.921947e+01
   4.877569e+00  -1.530195e+01
   7.594988e+00  -2.140232e+00
  -1.636440e+00  -1.198802e+01
  -2.647709e-01  -2.223258e+01
  -5.881724e+00  -6.220683e+00
   8.193086e+00  -3.406616e+00
  -2.853240e+00  -1.298252e+01
  -1.043154e+00  -1.375126e+01
   1.899506e+00  -1.634646e+01
  -1.564158e+00  -1.115389e+01
   4.630177e+00  -9.830185e+00
   7.310224e-01  -1.043223e+01
   7.140308e+00  -2.341780e+01
   3.701223e+00  -4.373242e+00
   6.464973e+00  -4.013987e+00
   1.351011e+00  -5.584690e+00
  -2.916788e+00  -3.756677e+00
   1.662485e+00  -1.255120e+01
  -1.370240e+01  -1.262433e+01
  -3.281978e+00  -3.183748e+00
  -5.126844e+00  -1.100222e+01
  -9.233877e-01  -9.836837e+00
  -5.883366e-02  -1.760683e+01
  -5.403624e+00  -7.908164e+00
   6.907713e+00  -7.642124e+00
  -1.152594e+00  -1.750805e+01
  -1.668597e+00  -5.598966e+00
  -3.184582e+00  -1.393893e+01
   4.878897e+00  -1.557788e+01
   5.500926e+00  -1.260304e+01
  -1.004007e+01  -2.427719e+00
   6.428824e+00  -1.192668e+01
  -3.879469e-01  -1.849663e+01
  -1.769750e-01  -9.301644e+00
  -6.096376e+00  -6.721542e+00
  -5.370809e+00  -1.424575e+01
  -3.512831e+00  -2.903724e+00
  -3.701156e+00  -1.164562e+01
  -5.182084e-01  -3.968573e+00
  -7.603389e+00  -6.656303e+00
  -8.825063e-01  -8.645871e+00
  -4.585618e+00  -1.551759e+01
   3.160802e+00  -8.425062e+00
   9.592388e+00  -9.791631e+00
  -4.654573e+00  -6.319258e+00
  -7.862917e+00  -5.452738e+00
  -1.015434e+01  -1.299740e+01
   4.276416e+00  -1.566623e+01
   6.269657e+00  -5.413079e+00
  -5.915628e+00  -5.712510e+00
  -3.034053e+00  -8.967228e+00
  -1.692868e+00  -6.260148e+00
  -1.005644e+00  -9.561797e+00
   5.434960e+00  -1.754574e+01
  -2.423134e+00  -1.068848e+01
   1.904682e+00  -1.564906e+01
  -4.506255e+00  -1.345406e+01
  -4.902566e+00   3.643552e-01
  -2.573826e-01  -4.770692e+00
  -2.082822e+00   6.518826e+00
  -2.699825e+00  -6.361119e+00
   1.962665e+00  -2.795168e+00
   5.074587e+00  -9.046977e+00
   7.294229e+00  -1.381795e+01
  -5.933410e+00  -1.149842e+01
  -6.578719e+00  -1.601501e+01
  -2.194775e+00   5.360900e+00
   1.949958e+00  -6.419438e+00
  -6.597252e+00  -1.336325e+01
  -8.444804e+00  -1.006559e+01
  -3.177260e+00  -2.587530e+00
  -1.794986e+00  -7.193070e+00
  -1.306109e+01  -2.685758e+00
  -2.478040e-01   1.080818e+00
   2.434750e+00   9.635445e-01
   1.799916e+00  -8.960092e+00
   8.533206e+00  -4.624290e+00
  -2.814980e+00  -6.012362e-01
  -4.057187e+00  -5.994378e+00
  -7.459593e+00  -1.242698e+01
  -4.035970e+00  -9.725069e+00
   1.343411e+01   3.909853e+00
   7.572124e-01  -4.540719e+00
  -1.537289e+00   1.374524e+00
  -2.995247e+00  -8.736566e+00
   1.222600e+00  -7.667976e+00
  -9.641690e-01  -1.256696e+01
   8.672629e+00  -1.130516e+01
   9.508473e+00   1.429381e+00
  -1.186792e+00  -4.944304e+00
   4.336093e+00  -6.892162e+00
   6.324066e+00   1.808802e+00
   1.510326e+00  -9.357745e+00
   6.977383e+00  -5.680943e+00
   3.088973e+00  -4.583288e+00
  -4.440802e+00  -6.251219e+00
   5.426608e+00  -9.411078e+00
   4.079744e+00  -8.367618e+00
   2.041401e+00  -2.109276e-01
   4.181430e+00  -5.307303e+00
  -3.314047e+00   2.636006e+00
  -2.110110e+00   4.705776e+00
   4.641187e+00   4.342258e+00
   8.272380e+00  -2.461343e+00
  -8.097028e-01  -1.372370e+01
   4.347301e+00  -2.098026e+01
   4.772930e+00  -9.492702e+00
  -6.628960e+00  -3.107848e+00
  -9.760821e+00  -6.975820e+00
  -9.588854e+00   4.996448e+00
   4.771620e+00   8.756149e+00
  -6.544436e+00   8.448210e-01
  -8.554049e+00  -7.120388e+00
   2.358438e+00  -5.335437e+00
   3.029027e+00  -9.098377e+00
  -2.794934e+00   2.958047e+00
  -4.508000e-01  -1.007616e+01
   2.617034e+00   3.229892e+00
  -6.881673e-01   2.936574e+00
  -2.082054e+00  -2.109891e+00
   1.079107e+00  -2.031825e+00
  -5.477720e+00  -1.610769e+00
  -2.925846e+00   3.281434e+00
   6.276009e+00  -8.247558e+00
  -1.105524e+00  -2.046129e+00
   8.327848e-01  -1.757213e+01
  -4.891694e+00  -7.849010e+00
   1.495939e+00  -5.882296e+00
   2.000051e+00   1.740595e-02
   9.018617e+00  -6.645710e+00
  -1.930841e+00  -8.526390e+00
  -4.886431e-01  -4.162156e+00
   4.769343e+00  -1.642089e+00
  -1.498143e+00   6.916721e-01
  -1.100804e+01   9.020834e+00
  -6.358610e+00   7.251106e+00
   7.356175e+00  -1.000029e+01
  -3.198200e+00   6.739430e-01
   2.671236e-01  -9.119505e+00
   5.344834e+00  -1.491802e+01
  -9.623998e-01  -7.882804e+00
   1.914188e+00   3.285058e-01
   1.021888e+01  -4.105007e+00
  -2.795378e+00   5.384666e+00
   1.365208e+00  -6.867821e+00
  -9.699830e+00  -3.404381e+00
   8.113880e+00   3.727853e-01
  -1.174348e+00  -7.744068e+00
   3.969374e-01  -7.051857e+00
   3.042952e-01  -6.839555e+00
   8.345929e+00  -6.711059e+00
   4.248835e+00  -9.066405e+00
  -1.098687e+00  -8.353831e-01
   6.509593e+00   2.454651e+00
   4.761735e+00  -7.804948e+00
  -3.911882e+00  -4.006572e+00
   7.038206e+00  -6.381094e+00
  -4.141057e+00   2.814442e-01
   1.965543e+00  -4.554850e+00
   5.553390e+00  -6.604471e+00
  -5.677032e+00  -3.024728e+00
  -5.867488e+00  -2.201053e-01
   5.508688e+00  -3.634599e+00
  -2.360924e+00  -9.907819e+00
   1.457499e+00   1.421041e+00
   2.443477e+00   2.357955e+00
   9.270633e-01  -1.059004e+01
   8.103479e+00  -8.522030e+00
   1.670950e+00   4.456789e+00
  -5.403083e+00  -9.982592e-01
   6.900251e+00   2.687699e+00
   7.294883e+00   3.641264e+00
  -1.125546e+01  -6.830881e+00
   4.429100e+00  -5.044455e+00
   1.548948e-01   1.149017e+00
  -2.542078e+00   7.542320e+00
  -6.892114e+00  -5.077153e+00
   4.265319e+00  -6.818955e+00
  -5.569271e+00  -7.401409e-01
  -8.441088e-01  -1.237060e+00
  -8.399529e+00   2.242635e+00
   4.495111e+00  -8.832501e-01
   1.256828e+00   1.309580e+00
   3.088417e+00   3.964798e+00
   1.185064e+00  -8.358818e+00
   5.647481e+00  -1.829280e+00
  -1.213660e+00   7.015691e-01
   4.200418e+00  -3.498275e+00
  -4.392104e-01  -1.960363e+00
   7.218956e+00  -9.148914e+00
  -3.244212e+00  -5.686653e+00
   9.233398e+00  -9.474916e+00
   7.657506e+00   1.141882e+01
   3.957736e+00  -5.767774e+00
   2.369019e+00   2.359662e+00
   1.499289e-01  -4.412748e+00
   1.222137e+00  -2.039458e+00
  -3.503923e+00   1.349932e+00
   8.790351e+00  -1.743980e+00
  -4.967545e+00  -8.383389e+00
   1.614110e+00   1.307736e+00
   9.596744e+00  -4.903236e+00
   3.838814e+00  -1.190413e+00
  -2.068581e-01   2.482347e+00
  -5.854008e+00  -1.547251e+00
  -1.516038e+00  -3.892252e+00
  -1.611166e+00  -8.303484e-02
  -8.608760e+00  -1.263225e+01
   2.082630e+00  -3.798660e+00
  -4.656745e+00  -4.308157e+00
  -1.103365e+01  -9.247035e+00
  -3.400079e+00  -2.024520e+00
   5.018245e-01  -9.231818e+00
  -4.900177e+00   1.987355e-01
   3.731399e+00  -1.569525e+00
  -3.311055e+00   5.900095e+00
  -7.907350e+00  -1.304141e+01
   4.231427e+00   7.628754e-03
   7.230331e+00  -4.534944e+00
  -3.806648e+00  -6.506087e+00
   1.526666e+00   4.239790e+00
   5.192340e+00  -3.947341e+00
  -3.590890e+00  -3.123323e+00
  -2.741874e+00  -1.022854e+00
   1.896177e-01  -5.140970e+00
   4.066441e+00   2.548000e+00
   2.105040e+00   4.719320e+00
  -6.004061e+00   4.446699e+00
  -7.528904e+00   1.720953e+00
   4.853701e+00  -8.890605e-01
   6.940509e+00  -7.056912e+00
   8.074155e+00  -9.215680e+00
   2.119023e+00  -7.794635e+00
  -3.273877e+00   3.628426e-01
  -8.707480e-01  -2.829924e+00
   7.830361e+00  -6.858400e+00
   1.266887e+00  -5.076007e+00
  -2.524204e+00  -7.203084e+00
   1.855877e+00  -2.191605e+00
   3.492389e+00  -9.445589e+00
  -5.657457e+00  -7.110321e+00
  -3.700263e+00  -4.430527e+00
  -5.790659e+00   1.033761e+00
   3.917598e+00  -1.276410e+01
  -8.654337e+00  -5.443121e+00
  -8.166977e+00  -4.506730e+00
  -6.207576e+00   1.403001e+00
  -5.348345e-01   3.900604e+00
   2.039616e+00  -2.955411e+00
   6.520792e+00  -5.472111e+00
  -4.651659e+00   9.028100e+00
   3.482388e-01  -8.292768e+00
  -2.158312e-01   9.047087e+00
   1.069003e+01  -8.282128e+00
  -9.892395e-01  -1.142627e+01
  -4.610121e-02   1.807444e+00
   7.379848e+00  -1.385353e-01
   7.696326e+00  -4.658573e+00
  -5.532420e-01  -3.777378e+00
   1.444855e+00  -5.185301e-01
  -3.508986e+00  -4.539466e-01
   2.174433e+00   1.383842e+00
   1.750086e-02   7.778252e-01
   7.328444e+00  -5.301931e+00
   1.681269e+00  -1.276209e+00
  -1.001560e+01  -4.514661e-01
  -1.129838e+00  -5.546414e+00
   4.616984e+00  -4.877013e+00
   2.498541e-01  -1.015205e+01
   8.168568e+00  -7.544712e-01
   2.301300e+00  -8.601687e+00
  -1.076176e+00   7.271499e+00
  -3.735581e+00  -6.460130e+00
   2.016721e+00  -5.097438e+00
  -4.969111e-01  -6.577059e+00
  -8.899305e+00  -6.207899e+00
   1.529389e+00  -1.527091e+01
  -1.294915e-01   1.041727e-01
  -5.953403e+00  -1.052501e+01
   1.083961e+01  -9.163715e+00
   1.240007e+00  -1.858543e+00
   3.921863e+00  -3.218249e+00
  -8.644678e-02  -5.264405e+00
  -3.012982e+00   5.390706e+00
  -1.370709e+00   4.736485e+00
  -1.080886e+01  -4.629039e+00
   1.057025e+00  -2.310503e+00
  -5.944218e+00   3.288528e-02
   4.619386e+00   9.474202e-01
  -3.698459e+00  -8.917142e-01
   4.801850e+00  -4.839734e+00
   7.841381e-01  -2.994107e+00
   8.057947e+00  -2.920011e+00
   1.073597e+01   1.288339e+00
  -3.868578e+00  -1.137146e+01
   5.339754e+00   4.549764e+00
  -2.849650e+00  -1.229568e+01
  -4.306040e+00   1.199226e+00
  -6.451871e+00   5.555402e-01
  -6.366624e-01  -8.176946e+00
  -6.404534e+00  -3.337437e+00
   1.365704e+00  -3.697380e+00
  -1.477678e+00  -4.520391e+00
  -3.996997e+00  -2.107966e+00
  -3.539145e+00   7.489855e+00
  -2.454997e+00   7.298611e+00
   4.423801e+00  -1.490232e+00
  -1.151113e+00  -2.182114e+00
  -7.328121e+00   3.069570e+00
   6.655559e+00  -8.342449e+00
  -4.335851e+00   1.502960e+00
   1.063520e+01   8.855787e+00
   1.980830e+00   3.272748e+00
   3.222070e+00   6.827389e+00
  -3.836896e+00  -1.992516e+00
   3.199103e+00   4.529203e+00
   7.400936e+00  -4.017337e+00
   1.369649e-01  -5.745841e-01
  -5.293261e+00   2.230621e+00
   2.163204e+00   1.963409e+00
  -3.324095e+00  -3.031827e+00
  -1.227512e+01  -3.270048e+00
   6.966027e+00   1.026353e+01
  -6.111662e+00  -2.360137e+00
   3.738368e-01   3.414938e+00
   3.276205e+00  -1.258624e+00
  -1.147716e+00  -3.892375e+00
   6.095966e+00  -9.924791e+00
  -3.376790e+00  -1.101170e+01
  -3.827735e+00  -1.939550e+00
   6.885121e+00  -1.474919e+01
   7.902713e-01  -3.778528e-01
   2.885523e+00  -4.756738e+00
   4.010239e+00  -4.377034e-01
  -8.065342e+00   4.188746e+00
  -1.433545e+00  -2.862454e+00
   6.494022e+00  -4.620057e+00
   1.512133e+00  -1.378535e+00
  -3.800213e+00  -1.082502e+00
  -5.479929e+00  -5.390952e+00
  -1.072942e+01  -7.072325e+00
  -2.162718e+00  -1.081373e+00
   6.272818e+00  -6.732816e+00
   3.022489e+00  -6.380070e+00
   1.330537e+00   9.538883e+00
   3.642441e+00  -1.007578e+01
   1.091818e+00   4.197419e+00
   3.324549e-01   2.897956e+00
  -1.303330e+00   9.449306e-01
  -2.462511e+00  -6.433199e+00
  -5.709048e+00  -1.165891e+01
   8.603342e-01   1.465863e+00
  -2.999869e+00  -1.182228e+00
   1.292629e+00  -9.106410e+00
   9.493002e-01   1.487753e+00
  -2.780521e+00  -3.309867e+00
  -3.108727e+00  -2.686262e+00
   7.969939e-01  -7.723655e+00
  -2.519056e+00  -1.014434e+01
   7.067629e+00  -6.486484e+00
  -9.104117e-01   1.052899e+00
  -4.462396e+00   2.309006e+00
   7.809291e-01  -1.432541e+00
  -2.545981e+00  -1.402056e+00
  -3.243562e+00  -7.173735e+00
  -3.199322e+00  -1.102713e+01
  -6.933616e+00   5.035728e+00
  -7.740120e+00   1.981986e+00
  -1.546501e+00  -7.672509e-01
   1.077628e+01  -2.179765e+00
  -4.087760e+00   5.608491e+00
  -4.984985e+00   3.093456e+00
   8.109034e+00  -1.230925e+01
  -8.179677e-01  -5.878940e+00
  -2.761293e+00  -5.395916e+00
   3.589324e-01  -2.508492e+00
   8.426855e-01  -2.153296e+00
   4.272516e+00  -3.773233e+00
   2.644070e+00  -3.896723e+00
  -3.738956e+00  -3.019591e+00
  -3.864454e-01   1.868034e+00
  -2.452112e+00   1.091177e+01
  -7.631126e+00   6.605467e+00
   1.403400e+00  -1.205886e-01
   1.031373e+01   4.710047e-01
   1.728118e+00  -5.841974e+00
   7.062987e+00  -2.045779e+00
  -4.005807e+00   1.384968e+00
   3.898031e+00  -3.840354e+00
  -8.630035e+00  -5.955016e+00
  -6.796673e+00  -5.023391e+00
   7.916006e+00  -2.605114e+00
   2.136828e+00   6.933338e+00
   2.579576e+00  -2.406210e+00
   7.708928e+00  -9.492415e+00
   7.141694e+00   3.782873e+00
   1.955319e-01   5.078325e+00
  -9.630312e-01  -2.254239e+00
   4.193385e+00  -2.869981e+00
  -1.777422e+00   8.078070e+00
  -7.826064e+00   1.397038e+00
  -1.091473e+00   9.501435e+00
  -3.869915e+00  -4.285819e+00
   1.694645e+00   1.057688e+00
  -4.754774e+00   7.833159e+00
   1.616229e+00   8.218229e-01
  -1.187349e+01  -8.212260e+00
   1.669747e+00   2.967149e+00
   9.357314e+00   9.800483e+00
  -1.041486e+00   5.074898e+00
   5.079128e+00  -3.701481e+00
  -6.422220e+00  -5.146610e+00
  -3.843473e+00  -7.343222e+00
   4.882067e+00   1.589609e+00
  -9.265174e+00  -7.357214e+00
   5.571668e+00  -4.639000e+00
  -6.342409e+00  -3.193462e+00
  -1.444311e+00   6.427871e+00
   6.508802e+00   9.856122e-01
  -3.561232e+00  -6.113344e+00
   2.634072e+00   2.536021e+00
  -3.290308e+00  -2.775768e+00
   4.182175e+00  -3.203948e+00
   2.423504e+00  -8.386207e+00
  -2.308415e+00  -1.767241e+00
   3.557491e-01  -2.591599e+00
   3.619586e+00  -1.692148e+00
   1.929104e+00  -6.305106e+00
   2.177343e+00   1.033366e+00
  -1.069217e+01   2.912993e+00
   4.661604e+00  -2.995673e-01
   2.275271e-02   4.605940e+00
  -3.971837e+00   5.126696e+00
  -6.880087e+00  -5.287232e+00
  -4.310822e+00   4.599596e+00
   4.123113e+00  -2.043445e+00
   1.001002e+00   1.953009e+00
   1.213397e+00   1.701274e+00
   6.623190e+00   2.261986e+00
  -1.429638e+00   8.252469e+00
  -6.202419e+00   1.034898e+01
   5.966066e+00   1.327305e+00
  -8.705542e+00  -4.516910e+00
  -7.143457e+00  -4.306960e+00
  -5.879269e+00  -1.200596e+01
   2.988772e+00  -5.341773e-01
   2.107036e+00   1.413785e+01
  -1.392644e+00  -7.041361e+00
  -5.676878e+00  -2.342906e+00
   3.928949e+00   1.173007e+00
   1.704344e+00  -1.349398e+00
   7.846901e+00  -4.168535e+00
  -1.946262e+00   1.437978e+00
  -3.074012e+00  -7.022120e+00
  -4.297792e+00   3.504159e+00
  -2.017939e+00  -1.622590e-02
  -6.497684e+00  -8.227575e+00
  -4.481722e+00  -1.638074e+01
  -2.010118e+00   1.227506e+00
   8.117832e-01   6.882724e+00
  -3.152039e+00   8.157848e+00
  -9.269069e+00  -7.956881e+00
   6.340261e+00  -7.502470e+00
  -1.653772e+00  -4.079970e+00
   8.808578e+00  -2.651307e+00
  -6.691583e-01  -1.841206e+00
   3.190159e+00   1.146060e-01
  -2.542179e+00   4.280531e-01
  -2.099468e+00  -1.113422e+01
  -6.382793e+00  -3.805678e+00
   7.139518e+00   3.345481e+00
   2.942042e+00   2.229364e-01
   9.440209e-01  -3.725455e+00
   1.873395e+00   5.631054e+00
   5.523506e+00   6.886429e+00
  -2.088290e+00  -2.007854e+00
  -2.188980e+00   9.676177e+00
   3.541625e+00   2.113075e+00
   1.167670e+00  -1.054387e+01
  -4.955100e+00   9.935814e+00
  -4.041546e+00  -3.118693e+00
  -6.257608e+00  -3.105514e+00
   1.081971e+01  -5.039223e+00
   1.455680e+00   1.787202e+00
  -3.628849e+00   7.088998e+00
   6.369731e+00  -2.046160e+00
  -2.059150e+00  -6.905614e-01
   2.811036e+00  -3.358610e+00
  -1.968969e+00   3.208457e+00
  -2.189053e+00  -6.299293e+00
  -7.174783e-01  -1.819521e+00
  -7.712189e-01  -5.051479e+00
  -9.523329e+00  -3.634040e+00
  -3.305266e-01   4.378049e+00
   6.540562e+00   3.100142e+00
   1.259513e+01  -3.297891e+00
   1.467367e+00  -1.229074e+00
   6.333954e+00   4.048798e+00
  -7.513748e+00   6.333816e+00
   3.594615e+00   3.918690e+00
  -2.033874e-01   3.372880e+00
   2.358545e+00  -1.358336e+00
  -4.172058e+00  -3.938010e+00
   7.021010e+00   5.787706e+00
  -9.669696e-01  -7.019472e+00
  -2.067715e+00   6.186154e+00
   4.360182e+00  -8.964516e+00
  -3.066030e+00   5.980742e-02
  -1.892398e+00  -4.277871e+00
  -5.638838e-02   2.838681e+00
  -4.570032e-01  -1.325764e+00
  -1.336284e+01  -6.125504e+00
  -8.896734e-01   9.761039e-01
  -7.791732e+00   8.892074e+00
   4.855395e+00  -7.348504e+00
   1.959836e+00   3.502827e+00
  -4.629156e+00   8.146808e-01
  -5.575839e+00   4.707198e+00
   4.122233e+00   1.482853e+00
   6.338044e-01  -3.489739e+00
   6.527894e+00   3.615091e+00
   1.266322e+01   2.689251e+00
   4.924497e+00   1.214036e+00
   6.771472e+00  -2.297497e+00
   3.648415e+00  -3.073827e+00
  -4.308992e+00  -6.375351e+00
  -1.658972e+00   7.431732e+00
   6.478262e+00  -2.107492e+00
  -5.777143e+00   6.619746e+00
   3.175631e-01  -1.627764e+01
  -1.137903e+00   3.779114e+00
  -4.557014e-01  -2.012157e+00
   3.952863e+00  -6.108538e+00
   5.304714e+00  -6.369451e+00
   2.024096e+00   4.684862e+00
  -5.428335e+00  -4.606690e+00
  -1.226177e+01  -3.009905e+00
   5.654370e+00  -2.070540e+00
   3.015788e+00   9.111131e-01
  -1.933500e+00  -6.366386e-01
   2.362014e+00   3.930202e+00
   5.262231e+00   4.448601e+00
  -4.374659e+00  -1.083659e+00
   3.128526e+00   2.328686e+00
   1.813226e+00   4.647792e-01
  -3.684517e+00  -5.377944e+00
   2.971930e+00   8.952961e+00
  -6.596199e+00   4.673864e+00
  -6.292596e+00   4.207884e+00
  -3.025732e+00   1.953684e+00
   2.555436e+00  -5.228936e+00
   1.566405e+00   8.668623e-01
  -1.295039e+00   5.782069e+00
  -2.961685e+00  -7.148527e+00
   1.215421e+00  -3.711105e+00
  -3.449848e+00   7.621759e-01
   2.072395e+00   1.332281e+01
   9.510317e+00   2.373073e+00
   4.395061e+00  -1.129896e+00
  -2.292950e-02  -3.304549e+00
   8.123970e+00  -6.651159e+00
   3.168412e+00   9.190405e-01
  -2.985292e+00   5.234491e+00
  -1.120888e+00  -5.665338e-01
  -3.480218e-01  -8.529616e+00
  -3.942144e+00  -1.040264e+00
   7.451315e+00  -2.204532e+00
   1.436423e+00  -9.396954e+00
   6.578948e+00  -6.511629e+00
   5.381596e-01  -1.582837e+01
   6.199454e+00   6.215480e+00
  -1.457504e-01   1.609452e+00
  -1.305360e+01  -4.010332e+00
  -7.820248e+00  -2.901429e+00
   1.239346e+01  -1.214648e+00
   4.024841e+00  -1.975797e+00
  -1.634332e+00   2.528607e+00
   3.002994e+00  -1.571378e+00
   5.486082e+00   3.155896e+00
  -4.420816e-01  -1.961535e-01
  -4.951551e+00   2.749800e+00
   3.192672e+00   6.801446e+00
  -6.595033e+00  -3.151439e+00
  -6.981265e+00  -1.461519e+01
  -1.765718e+00   9.678528e+00
  -2.420191e+00   8.095278e+00
   2.149600e+00   2.381037e+00
   4.345815e+00  -1.826175e+00
   6.290083e+00   7.513796e+00
  -9.638531e+00  -7.254721e+00
  -6.258119e+00  -2.924845e+00
   1.028958e+01   6.504189e+00
  -1.134471e+00  -6.641234e+00
   1.335822e+00   8.259882e+00
   7.430351e+00   3.994016e+00
   2.292400e+00   4.946675e-01
  -7.037206e+00  -8.573833e-01
   1.385471e+00  -4.070908e+00
  -2.497959e+00   6.566417e+00
  -2.797871e+00  -6.334167e+00
  -2.074483e+00   2.766937e+00
   4.188163e+00  -1.065745e+00
  -4.450402e+00  -7.751396e+00
   1.799153e+00   5.388119e+00
  -7.254164e+00   2.635458e-01
   8.082070e-01  -4.324791e+00
  -1.353504e+00  -1.401221e+00
  -3.027798e+00  -2.580112e+00
  -1.184254e+00  -9.854926e-01
   6.808102e+00   4.252493e+00
  -7.692375e+00  -1.333897e+01
   6.619823e+00  -3.260211e+00
  -7.889526e+00   3.297450e-01
   2.321195e+00   1.109127e+00
  -2.026265e+00   8.690940e+00
  -6.469027e+00  -3.759197e+00
  -7.478986e+00  -7.704355e+00
   1.711227e+00  -3.801149e+00
  -4.633931e+00   2.993644e+00
  -5.899897e-01  -2.918422e+00
  -6.287549e+00   3.863816e-01
   1.465309e+00  -4.125434e+00
  -8.263323e-02   2.340009e-01
  -6.350417e+00  -6.503004e+00
  -3.643157e+00   3.338414e+00
   2.770309e+00   4.164961e-01
  -1.037387e+00   1.978090e+00
  -4.642380e-01  -1.593763e+00
   2.790322e-01  -3.365751e+00
  -6.268837e+00  -5.676047e+00
   8.880283e+00  -2.776075e+00
   2.392176e+00  -6.799244e+00
   1.767915e+00  -1.442096e+00
   9.697819e+00   2.231270e+00
  -6.155006e+00   3.526902e+00
   2.396137e+00  -1.032213e+00
   5.280607e-01   6.410803e+00
   4.265188e+00   1.023863e+00
   3.887852e-01   4.632846e-01
  -7.719073e+00   5.354110e+00
  -1.719624e+00   7.914781e+00
   3.508808e+00   7.480842e+00
  -2.763320e+00   1.399420e+01
   6.213480e+00  -1.457415e+00
  -3.309809e-01   5.217914e+00
  -2.364808e+00  -1.172511e+01
   3.553790e+00  -2.326522e+00
  -4.602880e+00  -3.889650e+00
  -6.740028e+00  -2.043547e+00
  -4.892202e+00   6.078324e+00
  -5.927341e+00   1.588445e+00
   4.562163e+00   4.006188e-01
  -1.510698e+00   4.133897e+00
   1.364273e+01   9.585284e+00
  -8.673054e+00   1.617018e+00
  -4.093759e+00  -2.737373e+00
   1.219607e+00   3.277321e+00
   2.196781e+00   1.973004e+00
   5.958880e+00   4.999754e+00
   8.226187e-01   1.177063e+00
   5.767028e+00   1.549023e+00
  -3.043464e+00   4.497488e+00
   4.317722e-01   5.943669e+00
  -5.104042e+00  -4.093687e+00
  -8.581313e-01  -3.514436e+00
   2.823899e-01  -7.197210e+00
   2.168762e+00   8.277130e-01
   5.383294e+00  -2.062314e+00
   4.959726e-01   2.206700e+00
   2.269933e+00   1.535157e+00
  -5.577094e+00   5.418330e+00
   4.484797e+00  -7.562658e+00
  -5.612497e+00   2.610579e+00
  -2.275031e+00   4.990861e+00
   4.807016e+00  -1.156353e+00
  -1.917170e+00  -4.921277e+00
   5.110138e+00   1.711159e+00
   6.198012e-01  -4.844165e+00
  -9.319463e-01  -3.641880e+00
  -1.731996e+00   3.682713e+00
   4.010462e+00   2.277174e+00
  -8.417279e-01  -5.693599e+00
   3.439994e+00   2.602983e+00
  -6.734484e+00  -5.799027e+00
   1.252295e+00  -1.909922e+00
  -8.496069e+00  -2.648813e+00
  -4.230397e+00  -6.546459e-02
   1.043675e+00   6.375791e-01
  -3.172898e+00   1.422032e+01
  -1.450901e-01  -2.776603e+00
   7.781590e+00   2.409597e+00
  -2.575142e+00  -1.329902e+01
   4.513074e+00   4.437349e+00
   1.065325e+00  -8.413930e+00
  -1.216053e+00   6.220068e+00
  -1.017382e+00  -1.090121e+01
   4.043157e+00   2.522995e+00
  -7.557602e+00   4.616809e-01
   4.743950e+00   1.443709e+01
  -8.262640e+00  -1.388751e+01
   8.260611e+00   3.445036e+00
   6.177388e+00  -1.021290e+01
   2.241378e+00   5.004328e+00
  -1.626246e+01  -1.748617e+01
   1.661317e+01   3.055202e+01
